-53 8257
224 6976
353 5824
352 4673
225 4288
97 4544
97 4288
96 2625
224 833
224 576
97 961
225 975
-18 -704
110 -2240
110 -1728
110 -1457
-273 -2879
239 -5440
110 -6833
-18 -7360
111 -8256
111 -9792
110 -10417
-18 -10176
111 -10816
111 -11072
110 -9664
110 -6577
-18 -4800
110 -4032
110 -3008
111 -305
-32 2895
-31 5327
-32 6479
-31 7886
-160 9807
-31 10944
96 10049
224 8512
97 7104
352 6209
225 4545
224 3393
225 3265
224 3649
224 2624
96 1089
224 577
225 960
97 719
-18 -960
111 -3135
239 -3135
239 -2609
-18 -3008
110 -5311
238 -7104
110 -7359
495 -8511
495 -10047
239 -10560
110 -10431
238 -10417
-17 -10304
110 -8639
239 -6208
111 -4159
239 -3121
-18 -2225
-17 -63
224 3136
352 5441
224 6465
224 7745
224 10063
-31 11215
-31 10447
-31 8398
-159 7105
225 5824
96 4416
97 3265
224 3137
224 3407
-32 2368
96 321
239 -576
366 -448
111 -561
-18 -1713
-17 -3136
367 -3392
366 -3008
111 -3647
239 -5440
110 -6848
111 -7744
110 -8625
-17 -9777
-17 -10545
-18 -10688
110 -10673
-17 -10815
239 -9791
239 -6976
110 -4543
239 -3391
238 -2752
110 -448
96 2881
225 5569
224 6720
96 8000
352 10049
224 11585
224 11073
225 9409
224 8257
225 6592
353 5056
96 3918
-159 3790
-159 3791
-31 3022
-160 1615
-32 1345
225 960
111 -63
238 -1984
367 -3648
110 -3761
-17 -3648
111 -4402
-146 -6591
239 -7743
239 -8256
110 -9407
238 -11199
239 -11584
110 -11456
367 -11327
238 -11456
111 -9791
238 -6847
238 -4287
239 -3391
238 -2495
239 -319
225 3264
96 6222
-159 6848
96 7744
353 9665
224 11584
96 11072
96 9024
352 7489
224 6465
225 5056
97 4047
-31 4032
96 4416
352 3392
353 1473
225 449
224 79
-17 -50
-145 -1344
111 -2624
111 -2880
111 -3121
-17 -3904
110 -5823
238 -7360
367 -8000
366 -8639
238 -9663
238 -10417
-18 -10688
367 -11071
494 -11441
-18 -10688
110 -8127
239 -5439
239 -4415
238 -3264
110 -703
224 2112
352 4417
224 5696
96 6991
-31 9153
225 10945
224 10817
224 9039
-32 7744
97 6592
97 5056
97 4032
97 3791
-31 4033
225 3265
224 1344
97 448
97 449
225 192
367 -832
366 -1983
238 -2240
367 -2368
110 -3263
239 -5440
111 -7232
111 -7999
239 -8512
110 -9663
238 -10431
239 -10816
366 -10944
366 -11456
366 -10943
239 -8255
239 -5440
111 -3889
-17 -2865
-274 -1201
-32 1871
-31 4544
96 5953
224 7233
224 9280
352 11072
353 10689
224 8768
352 7488
353 6081
480 4416
353 3521
224 3649
225 3776
353 3265
225 1472
352 577
225 448
97 207
-18 -1216
111 -2623
238 -3008
367 -2880
111 -3391
239 -4927
238 -6335
238 -6848
110 -7871
239 -9280
111 -10289
-18 -10432
110 -10176
111 -10545
-18 -10161
-17 -7729
-17 -5184
110 -3775
238 -3263
238 -1471
480 1601
224 4416
97 5824
97 6849
224 9025
225 11201
225 10944
353 9153
225 7872
97 6849
224 5441
224 4160
96 3918
-159 4302
-415 3535
-31 1472
96 64
96 65
224 64
110 -960
110 -2496
111 -3648
111 -3392
111 -3392
111 -5440
111 -7217
-18 -7616
110 -8128
111 -9521
-18 -10687
238 -10687
238 -10432
111 -11328
111 -10559
238 -8128
366 -5568
111 -3904
110 -2993
-18 -1201
-31 1728
96 4928
97 6607
-32 7744
96 9537
225 11457
224 11584
96 10063
-31 8399
-31 7360
97 5568
96 3904
97 3265
225 3521
224 3136
97 1473
224 65
239 -63
494 -192
367 -832
366 -2225
-17 -2865
-17 -2880
110 -3007
238 -5056
366 -7104
366 -7871
238 -7871
239 -9279
238 -10432
367 -10816
367 -10816
366 -10944
366 -10688
367 -8000
111 -5184
111 -3647
239 -3392
110 -1983
225 1217
224 4161
224 5953
225 7104
353 8896
352 11072
352 11584
97 9920
96 8001
224 6465
225 5057
225 4032
97 4033
480 4161
224 3905
225 2240
96 832
97 448
96 320
111 -832
110 -2240
110 -2993
-17 -3136
111 -3647
238 -5568
366 -7089
-17 -7232
111 -7743
238 -8895
238 -10431
239 -11072
110 -10944
366 -10687
495 -10047
239 -8000
110 -5568
366 -4544
366 -3776
110 -1983
224 832
96 4416
97 6350
-160 7247
-32 8769
224 10816
96 11329
224 9536
97 7616
97 6337
225 5070
-159 3777
224 3137
480 3393
224 3136
96 1344
111 -320
367 -320
111 -49
-17 -818
-146 -2496
111 -3392
366 -3008
110 -3007
239 -4415
495 -6207
494 -7089
-17 -7999
238 -9408
110 -10688
110 -10943
238 -10432
111 -10816
111 -10816
367 -8767
239 -5695
239 -3903
239 -3377
-18 -2240
96 576
97 4032
96 5697
224 6720
96 8271
-32 10817
225 11969
225 10689
225 8640
353 7360
353 5569
225 4047
-32 3662
-159 4047
-32 3904
96 2368
353 960
97 448
96 335
-17 -576
111 -2097
-17 -3392
367 -3648
110 -3505
-17 -4913
-17 -6976
111 -7743
239 -8255
239 -9536
111 -10801
-18 -11456
110 -11200
110 -11199
239 -11071
238 -9152
110 -6336
110 -4288
111 -3392
110 -1984
96 1345
224 4673
224 6465
225 7361
225 8641
224 11087
-32 12097
224 10561
225 8641
481 7375
-31 5839
-32 4417
224 3649
224 3904
96 3648
96 2112
96 320
111 -319
238 -192
110 -689
-17 -2111
238 -3264
111 -3391
239 -3136
110 -4287
239 -6208
366 -7104
110 -7601
-17 -8768
110 -9905
-18 -10417
-17 -10048
110 -10176
110 -10417
-18 -8881
-17 -5952
111 -4160
110 -3264
111 -2112
97 719
-32 4431
-32 5953
224 6721
481 8128
353 10432
96 11343
-32 10318
-159 8128
96 6464
97 4815
-31 3520
97 3264
352 3648
353 3776
97 2496
96 832
96 335
-32 335
-18 -191
239 -1599
238 -2752
110 -2752
111 -3121
-18 -4273
-17 -6207
238 -7359
238 -7616
111 -9024
110 -10432
111 -10815
238 -10673
-18 -10929
-274 -11185
-17 -9280
366 -6080
110 -3761
-18 -3264
111 -2353
-31 705
224 4160
97 5824
96 6465
224 8000
353 10177
224 11328
97 9920
97 7872
97 6848
97 5568
353 4288
97 3534
-160 3648
97 3535
-32 1871
-31 207
-18 -703
238 -447
238 -448
110 -1983
238 -2751
495 -2879
494 -3007
239 -3904
111 -5696
110 -6847
239 -6975
239 -7488
366 -8895
239 -9792
367 -9791
239 -10304
111 -10560
366 -9407
495 -6720
111 -4671
238 -4031
238 -3520
367 -1344
352 1601
225 3264
352 3904
352 5440
96 8001
224 9281
481 8385
225 6593
224 5697
224 4673
224 3649
224 2895
-31 3264
97 3521
225 2752
96 1601
225 975
-32 847
-32 577
238 -704
366 -1984
366 -1983
239 -2111
238 -3520
367 -6208
111 -7232
110 -7359
239 -9023
238 -10432
366 -10944
111 -11057
-17 -11071
238 -10943
239 -9280
110 -6080
366 -3007
239 -2111
238 -1216
352 1344
97 4559
-31 6592
97 7105
225 8384
96 10816
96 11840
96 10304
353 8385
224 7745
224 5952
353 4032
352 3136
96 3136
96 3393
224 2624
97 1472
96 576
96 577
225 719
-17 -575
239 -2367
238 -2752
110 -2481
-18 -3263
238 -4800
110 -5568
111 -5440
111 -6464
111 -8256
110 -9152
110 -9152
110 -9664
111 -10048
111 -8768
110 -6848
366 -5311
238 -4017
-17 -3136
111 -1088
97 2255
-32 4687
-32 5711
-31 6607
-287 8655
-32 10062
-159 9422
-160 7489
225 6080
96 4929
225 3521
225 2496
96 2624
96 3137
225 1984
97 192
367 -575
494 -447
239 -831
238 -2239
238 -3007
238 -3263
239 -3121
-18 -3776
111 -5440
110 -6591
238 -6847
238 -7360
111 -8767
238 -9664
110 -9408
111 -9280
111 -9536
110 -8639
239 -6208
366 -3776
367 -2880
110 -2240
111 -305
-32 2624
97 5071
-32 6208
96 7247
-31 9152
96 10575
-32 10048
96 8513
225 7104
352 5952
352 4673
225 3777
224 3392
97 3265
224 1856
96 64
110 -704
110 -447
238 -447
239 -1600
111 -2880
110 -3263
238 -3008
111 -3391
239 -5184
111 -6463
238 -6848
110 -7615
239 -9023
239 -9791
238 -9407
238 -9151
239 -9535
238 -8896
367 -6719
494 -4799
494 -4032
111 -3392
366 -1727
481 1472
352 4160
353 5312
608 6720
608 8768
608 10561
481 10177
481 8129
480 6208
609 4801
737 3264
865 1984
865 1473
736 1601
751 -63
1006 -1984
879 -3647
1006 -4031
1262 -4031
1263 -5184
1135 -6719
1519 -6976
1647 -7231
1774 -8127
1774 -10176
1646 -11711
2030 -12223
2031 -13376
2158 -14784
2414 -15551
2542 -15552
2671 -15935
2798 -16831
3311 -16704
3694 -15296
3694 -14015
3823 -13631
4335 -13888
4718 -13248
4975 -11328
5231 -10048
5487 -10304
5999 -10559
6382 -10175
6638 -10175
7151 -11583
7407 -14655
8430 -17599
8942 -20159
9454 -22976
10094 -25280
10863 -26943
11246 -28351
12015 -31040
12909 -35136
13677 -38463
14573 -41279
15596 -43711
16620 -47295
17645 -51519
18669 -55103
19948 -58560
20844 -62656
22126 -68031
23791 -73535
25071 -78399
26350 -83648
28015 -89407
29678 -95168
31597 -100158
33388 -105405
35308 -111293
37100 -116670
39020 -120765
41196 -124862
43629 -130110
46446 -136638
49006 -142269
51951 -147261
54510 -153022
57198 -160445
60140 -168637
63469 -176192
66925 -183872
70509 -194111
74222 -206271
78062 -218560
82028 -230592
86125 -243263
90348 -256703
94959 -269886
99951 -282941
104685 -297533
109548 -314046
115054 -331710
120686 -349630
126316 -368576
132204 -388544
138351 -407104
144494 -423615
151020 -440512
158318 -460989
165359 -487997
172780 -518845
180206 -549309
188140 -580030
196207 -615487
204525 -653888
213100 -690880
222319 -725053
231660 -756414
241005 -784702
250990 -810941
260844 -837823
271343 -865344
281964 -893888
292975 -923454
303981 -953405
315630 -983485
327662 -1014208
340077 -1044031
352494 -1072061
365293 -1099070
378479 -1128254
392045 -1161024
405870 -1193664
419693 -1225278
434031 -1263165
448493 -1307199
463853 -1351743
478958 -1395390
494444 -1440190
510317 -1488447
526318 -1537216
542831 -1585726
559213 -1636158
576108 -1689024
593261 -1743168
610926 -1799358
628591 -1856830
646254 -1914559
664559 -1971775
682989 -2027325
701420 -2081981
719853 -2136640
738671 -2190142
757614 -2243006
776815 -2295103
796141 -2347072
815468 -2399934
834926 -2452159
854766 -2503615
874223 -2556221
893676 -2611646
913516 -2669503
933356 -2729405
953068 -2791101
972524 -2854079
991980 -2918079
1011694 -2980798
1031023 -3041855
1050095 -3103040
1069166 -3165374
1087855 -3227197
1106926 -3286208
1125231 -3342656
1143148 -3398333
1161197 -3453502
1178732 -3506623
1195759 -3557181
1212654 -3605949
1229293 -3653693
1245166 -3697855
1260782 -3739071
1275885 -3780413
1290223 -3824958
1304174 -3871680
1317741 -3917375
1330415 -3958848
1342573 -3996989
1354221 -4032574
1365359 -4064573
1375215 -4093503
1384685 -4121664
1393262 -4148672
1401196 -4171712
1408108 -4190398
1413999 -4206398
1419631 -4219198
1423980 -4227262
1427053 -4234046
1429612 -4241342
1431148 -4250302
1431917 -4257342
1431405 -4258366
1429868 -4254397
1427180 -4248765
1423341 -4244030
1418860 -4237501
1413103 -4224575
1406190 -4204224
1398380 -4178367
1389295 -4148543
1378796 -4113597
1367023 -4075582
1354605 -4038207
1340654 -4000448
1325678 -3960510
1309805 -3917885
1292527 -3868991
1274350 -3815871
1254639 -3760702
1234031 -3702590
1212525 -3642432
1189485 -3579965
1165549 -3516736
1140589 -3451200
1114477 -3377213
1087214 -3298752
1059183 -3219261
1029868 -3137728
999789 -3052350
968558 -2966975
936428 -2881725
903404 -2792127
869359 -2695998
834668 -2592447
799213 -2485565
762863 -2377023
725740 -2264511
687596 -2147774
649068 -2028480
609903 -1909821
569838 -1791935
529389 -1671231
487917 -1547069
446445 -1421631
404204 -1292221
361709 -1157949
318956 -1021375
275693 -886845
231916 -757181
188141 -628032
144237 -496957
100076 -365501
55788 -234943
11244 -104371
-33567 27086
-77983 158157
-122400 288332
-166304 419918
-210079 553933
-253472 686924
-296864 814927
-339488 940364
-381856 1066318
-423839 1192398
-465312 1319501
-506655 1446351
-547102 1570636
-586909 1691341
-626206 1809998
-664735 1926861
-702495 2042063
-739869 2154701
-776478 2264142
-812191 2371276
-847005 2478543
-880927 2586060
-914080 2693710
-946590 2798157
-977952 2896975
-1008414 2991692
-1037727 3085262
-1066400 3171149
-1093661 3248591
-1120286 3322446
-1145758 3395660
-1170078 3468366
-1193374 3538764
-1215647 3606220
-1236895 3670479
-1256477 3730638
-1275549 3786445
-1293342 3839820
-1309856 3890511
-1325344 3938894
-1339806 3983948
-1353119 4024781
-1365277 4062412
-1376158 4097358
-1385888 4129614
-1394592 4158798
-1402269 4184269
-1409056 4206925
-1414431 4227021
-1418525 4243148
-1421725 4253901
-1424415 4260812
-1425824 4265292
-1425824 4267853
-1425184 4265804
-1423261 4259532
-1420445 4250317
-1416989 4237005
-1412383 4217551
-1407006 4192590
-1400733 4165070
-1393568 4138062
-1385629 4109775
-1376800 4077389
-1367326 4040524
-1356960 4002636
-1345949 3965647
-1334302 3928911
-1322016 3893325
-1309213 3859148
-1295775 3825869
-1281566 3789902
-1267103 3750606
-1251997 3709645
-1236509 3667405
-1220384 3623502
-1204126 3577678
-1187229 3530444
-1170080 3483212
-1152671 3435727
-1134622 3387727
-1116445 3339213
-1098272 3292494
-1079709 3246543
-1060893 3198412
-1042080 3148364
-1022879 3097295
-1003552 3045710
-984478 2991949
-964894 2935887
-945437 2877135
-925981 2814925
-906528 2753100
-886944 2692687
-867104 2633037
-847903 2575820
-828575 2521294
-809118 2468686
-789918 2418764
-770976 2371919
-751902 2327631
-732957 2282189
-714272 2233933
-695840 2185294
-677533 2138831
-659230 2095693
-641312 2053965
-623646 2012239
-606239 1972428
-588957 1936332
-572062 1890126
-555421 1821647
-538909 1748173
-522782 1680461
-506653 1619663
-491038 1562958
-475808 1510735
-460576 1462349
-445725 1415628
-431262 1366607
-417056 1318478
-403104 1272140
-389533 1229517
-376352 1187660
-363167 1145039
-350493 1104846
-338335 1067213
-326174 1029709
-314399 990413
-302878 951374
-291741 914895
-281119 880078
-270494 845132
-260000 811085
-250141 778445
-240416 746829
-230941 715726
-221856 686414
-212896 660559
-204318 637517
-195872 614733
-187935 591565
-180253 569805
-172832 550732
-165791 533455
-158749 516558
-151710 499022
-145055 483279
-138783 470223
-132894 457548
-127134 441677
-121375 423628
-115871 405964
-110493 389068
-105374 372813
-100639 357582
-95904 342351
-91421 326095
-87069 308430
-83104 290639
-79136 276047
-75039 263886
-71581 250831
-68125 235468
-64672 220493
-61472 208205
-58653 196045
-55581 183245
-52766 170060
-50080 158797
-47391 149453
-44831 140749
-42527 131788
-40350 123724
-38301 116685
-36381 109261
-34333 103631
-32542 101199
-30749 101327
-28957 101070
-27549 99278
-26016 97359
-24607 96718
-23200 97614
-22175 95950
-20895 91854
-19615 89039
-18207 89039
-17183 89294
-16544 87375
-15647 83918
-14751 80079
-13856 77134
-12959 74703
-12320 72270
-11168 68430
-10654 64846
-10141 59854
-9373 55246
-8862 52814
-8349 50639
-7710 47182
-7581 41167
-7198 35919
-6685 32975
-6176 29262
-5792 23630
-5280 16975
-4896 11599
-4896 9295
-4383 8142
-4256 7246
-3999 7118
-3744 5711
-3615 5326
-3232 5967
-3103 8655
-2848 12623
-2592 16462
-2463 19406
-2464 21838
-2208 26446
-2208 31823
-1822 35663
-1821 37070
-1693 38862
-1694 41550
-1437 43983
-1566 44110
-1694 41295
-1310 37967
-1054 34382
-1184 31054
-1183 28367
-1055 26575
-1055 24783
-799 21711
-543 17102
-415 14031
-800 12623
-800 10062
-671 6606
-416 4687
-544 5455
-543 6094
-672 5198
-671 2767
-800 590
-671 206
-416 335
-530 -178
-401 -1585
-274 -2226
-145 -2609
-273 -2098
-416 847
-288 5966
-415 9934
-415 12751
-288 15950
-159 19663
-287 23246
-415 26575
-543 28878
-415 31694
-413 35534
-157 38351
-29 38351
-285 36558
-414 34895
-285 33998
-158 33614
-159 32718
-159 31694
-415 31438
-160 29007
-32 24399
-31 21711
-31 19918
-159 17870
-416 13390
-415 8910
-159 5839
-288 3919
-31 1486
-146 -2226
-146 -4800
111 -5952
111 -8498
-145 -11314
-145 -12081
-17 -11058
-146 -9905
-17 -8754
-146 -6065
-274 -1201
-287 3777
224 6735
-32 8782
-159 13518
-159 19663
-32 24640
96 28239
-31 31694
-157 35791
-30 39759
-29 41935
-30 40270
-157 37839
-29 35023
-287 31951
-31 28864
97 26816
96 25167
-32 21583
-31 15809
225 10703
-32 8769
224 6976
96 3406
-159 975
-31 1216
97 2511
-31 1999
-17 -320
111 -1842
-146 -2482
-145 -3377
-18 -5312
111 -6961
-18 -7345
-18 -9137
-18 -10944
110 -9408
110 -5568
110 -2738
-146 -1457
-274 -433
-287 1984
97 5312
96 8015
-32 9280
97 10703
-31 13761
225 17088
97 17359
-31 14798
-160 12623
-32 12367
-31 12495
-32 12367
-288 12622
-159 12992
96 11599
-32 8783
-32 7503
-31 7616
97 7886
-159 6606
-159 4814
-160 3919
-31 4559
-32 4686
-416 3406
-159 2767
-31 3264
97 2511
-17 -50
-146 -1713
-18 -2482
-146 -3008
111 -3377
-18 -1970
-160 2127
-31 6095
-32 8768
97 10177
225 13248
96 17728
97 21440
97 23745
224 24641
225 25792
96 27200
96 26944
96 24655
-31 23232
97 22479
-31 21441
225 20161
224 19265
224 19023
-32 17230
-159 14016
97 12751
-31 13760
97 14799
-32 14159
-31 12993
225 12993
224 13120
97 12239
-32 10816
97 8385
224 6465
224 5199
-32 3663
-32 3151
-32 3663
-32 4161
224 4416
96 4943
-31 7360
96 10319
-32 11342
-160 11087
-31 12224
353 15296
97 18368
96 19264
97 19648
97 21455
-32 23631
-31 24001
224 22080
96 20288
97 19136
97 17344
96 15695
-31 15310
-159 15822
-160 15695
-32 13632
352 12097
225 11968
96 12608
96 11329
224 9280
97 8385
224 8768
96 8000
96 6208
96 4416
97 3520
96 2383
-31 207
-17 -1600
111 -2624
110 -2751
238 -3776
366 -4031
239 -1856
96 1358
-160 3407
-31 4033
225 6337
225 10433
225 14272
97 16320
96 17728
97 20416
96 23631
-31 24769
224 23617
225 22720
96 21825
225 20160
96 18767
-31 18382
-160 17999
-32 17216
96 15168
96 13376
96 12879
-31 12224
96 11072
352 9024
97 8128
96 8256
96 7744
97 5568
97 3009
225 1984
97 1473
239 -63
238 -1216
110 -945
-274 -960
110 -1983
238 -2481
-17 -576
96 2112
96 3648
96 4416
96 6465
225 10176
96 14159
-32 16975
-288 18510
-159 20928
97 23232
96 24128
97 22735
-32 20800
97 18880
96 17473
225 15552
352 14913
225 15808
97 15552
97 13505
224 11343
-31 10703
-32 10574
-160 9807
-31 8129
224 7232
353 7361
224 6991
-288 4943
-31 3023
-32 1871
-31 1486
-145 -63
239 -1599
239 -2368
110 -2496
367 -3135
238 -2752
96 64
352 3649
224 5696
96 6223
-32 7759
-32 11343
-31 14286
-160 15695
-31 16335
-32 18240
97 21184
96 22081
225 20672
97 19136
352 18241
225 17088
97 16065
225 15296
96 15680
96 14912
96 12609
224 10305
225 9409
225 9152
352 8270
-159 6607
-31 5327
-31 5568
96 5441
225 4033
225 1984
96 1088
97 704
110 -192
110 -1728
110 -2993
-17 -2880
110 -3264
111 -3121
-17 -1088
96 2113
224 4672
97 5568
353 6849
225 9920
97 14016
97 16320
96 17231
-31 19136
96 22080
97 23744
97 22465
224 20544
352 19265
224 17984
96 16463
-31 15823
-32 16192
97 16320
97 14785
224 13120
96 12367
-31 12495
-31 11727
-31 10190
-159 8896
97 8897
224 8527
-32 6734
-159 4288
97 2753
225 1984
97 449
238 -1215
239 -1855
238 -1984
111 -2624
111 -2879
238 -959
481 2496
96 4928
96 5711
-31 6848
97 9935
-31 13518
-159 15552
97 17103
-31 19151
-31 21696
352 23617
225 22209
225 19904
97 18639
-32 17216
97 15553
225 14529
224 14656
96 14671
-32 13120
97 11215
-32 10063
-31 9679
-32 8782
-159 6862
-159 5583
-287 5326
-159 5312
96 4174
-159 2255
-31 1216
96 576
110 -1201
-17 -3121
-17 -3889
-18 -3775
239 -3904
366 -4032
366 -2752
353 463
-31 3264
96 4416
353 5824
96 8768
96 12608
96 15439
-31 16334
-159 18383
-31 20943
-32 22863
-31 21967
-31 20161
224 19008
96 17728
96 16192
96 15169
224 15695
-32 15439
-31 13760
97 11983
-32 11342
-160 11598
-160 10831
-31 8911
-31 7119
-31 6848
97 6592
97 5583
-32 3137
224 1615
-31 448
110 -1471
238 -3263
239 -3904
110 -4032
111 -4416
111 -4928
110 -3264
366 -191
224 2383
-31 3279
-32 4417
224 7232
97 11215
-31 14543
-32 16192
97 17856
97 20416
96 22351
-31 21697
225 20160
353 19136
96 17999
-31 16847
-32 15680
97 15296
97 14529
225 12992
97 11456
96 10817
224 11072
352 10561
224 9025
225 7360
97 6848
96 6976
97 5824
97 3521
224 1857
225 1216
96 65
238 -1727
238 -2496
111 -2865
-18 -3264
111 -3391
238 -2239
225 960
96 3649
224 4417
224 5199
-31 8128
97 12224
97 15041
224 16449
225 18112
96 20544
96 22351
-31 21454
-159 19407
-32 17984
97 16847
-32 14913
225 13505
224 13632
97 14031
-32 13135
-32 11072
97 10433
224 10304
352 10049
225 8655
-32 6991
-31 6593
225 6848
96 5697
224 3137
224 1103
-32 576
110 -448
111 -2367
239 -3889
-18 -4018
-146 -4544
110 -5311
239 -4145
-18 -959
224 1856
353 3521
224 4417
224 6720
96 10560
96 13632
96 14912
97 16576
352 19777
224 21825
225 21440
353 19151
-31 17615
-31 16335
-31 14799
-32 13632
97 13505
224 13903
-31 12480
97 10432
97 9408
97 9664
96 9537
224 8001
225 6336
96 6208
96 6464
97 5824
96 3392
97 1487
-31 704
110 -434
-145 -2353
-18 -3263
238 -2994
-145 -3377
-17 -3903
239 -3136
367 -320
97 2496
97 4032
97 4559
-32 7232
96 11584
96 14671
-32 16206
-160 17743
-31 20160
96 22592
96 22336
97 20416
97 18881
224 17728
97 16335
-31 15040
96 15169
225 15808
97 15040
96 12608
97 11457
224 11840
97 11712
96 10049
224 8000
96 6991
-31 6848
97 6592
97 4544
96 2127
-31 1231
-32 64
110 -1969
-18 -3263
239 -3392
110 -3505
-17 -3890
-146 -3008
110 -447
224 2383
-31 4047
-32 4943
-31 7361
224 11584
97 15040
97 16577
225 17857
224 20559
-31 22976
97 23247
-31 21710
-160 20303
-32 19264
96 17743
-32 16192
97 15808
96 15695
-31 15055
-32 12879
-31 11727
-31 11968
97 11727
-32 10062
-160 7759
-31 7119
-32 6991
-31 6080
96 3904
96 2112
96 1344
96 320
111 -1585
-18 -3520
110 -4017
-18 -4032
111 -4415
494 -3776
111 -832
96 2113
225 3265
225 3776
96 6209
224 10049
225 13504
353 15296
353 16577
225 18880
96 21071
-31 21199
-32 19278
-159 18127
-32 16705
224 15169
225 13760
96 13135
-32 13391
-32 12353
225 9664
353 8641
225 8384
96 8256
97 6863
-31 5327
-31 4303
-31 4288
97 3535
-32 1088
111 -1087
239 -2111
238 -2495
239 -4416
110 -6080
111 -6193
-18 -6336
110 -6336
111 -5184
110 -2737
-31 207
-32 1615
-32 2383
-32 4928
96 8769
225 11712
352 13376
97 15040
96 17473
224 19520
353 19392
97 17600
97 15809
225 15040
96 13903
-31 12751
-32 12367
-31 12495
-32 11329
225 9423
-31 7887
-31 7104
97 7105
224 6479
-32 4431
-31 3535
-32 3649
224 3137
224 1089
238 -433
-17 -1329
-18 -1727
238 -3263
238 -5055
239 -6463
239 -6705
-18 -7104
111 -6208
111 -3377
-31 192
96 1857
224 2880
352 4928
353 7872
353 10944
97 12737
224 14400
97 17088
97 19904
96 20303
-31 18357
