224 2880
96 2880
97 3264
97 3535
-31 3776
97 3776
97 3776
96 3905
224 4161
224 4416
352 4161
225 3520
96 3392
97 3520
97 3535
-31 3264
97 3521
224 4160
96 4687
-32 5198
-159 5583
-32 5952
97 6336
96 6720
96 7232
97 7105
225 7360
96 7489
224 7232
97 6848
97 6336
96 5967
-32 5184
96 4417
225 3776
97 3520
96 3648
96 3137
225 2240
97 2240
96 2112
96 1856
97 1729
224 1345
225 1473
225 1984
96 2127
-32 2383
-32 2880
97 3520
352 3393
224 2880
97 2496
96 2368
97 2255
-31 2255
-31 3023
-32 3904
97 4289
225 4544
353 4545
224 4687
-32 5199
-31 5569
224 5440
96 5952
96 6223
-31 5838
-160 4943
-31 4545
225 4801
225 3521
225 2497
225 1728
97 1728
97 1473
225 961
225 448
97 448
97 704
96 576
352 320
97 207
-31 448
97 704
96 833
225 961
224 1359
-32 1615
-31 1473
225 705
224 576
97 719
-288 335
-31 193
224 335
-288 1103
-32 2127
-31 2240
97 1999
-31 1999
-32 2624
97 3520
96 3407
-31 3278
-159 3022
-159 2767
-31 2241
225 1729
225 1472
97 704
111 -319
239 -561
-17 -817
-17 -1329
-18 -2225
-17 -2865
-274 -2993
-17 -2879
238 -2993
-18 -3775
238 -3519
238 -3264
110 -3007
238 -3008
110 -3008
367 -2367
494 -1471
239 -1841
-17 -2353
-18 -2495
238 -2752
110 -3264
111 -3392
367 -2367
238 -1728
366 -1472
110 -1471
239 -1343
239 -1073
-17 -561
-17 -49
-18 -178
-146 -177
-17 -64
110 -177
-18 -959
238 -1472
111 -1585
-17 -2353
-18 -3249
-18 -4031
238 -4031
238 -4288
111 -4927
239 -5440
367 -5184
111 -5184
367 -5183
495 -5439
238 -5568
111 -5426
-146 -5312
110 -5312
111 -5183
239 -4671
238 -4273
-17 -4401
-17 -4671
239 -5183
239 -5439
239 -5440
111 -5426
-145 -4928
110 -4287
239 -3904
111 -3648
110 -3520
110 -2993
-17 -2368
110 -1728
110 -1727
238 -1472
111 -1087
239 -1343
239 -1855
239 -2368
111 -2624
111 -3135
238 -4031
238 -4785
-17 -4913
-18 -5312
111 -5952
111 -6208
111 -6208
110 -6335
239 -6463
238 -6848
111 -6961
-17 -6464
111 -6464
111 -6208
110 -5809
-18 -5312
110 -4800
110 -5056
110 -5311
238 -5567
239 -5938
-145 -5937
-17 -5937
-17 -5425
-17 -4671
238 -4032
111 -3904
110 -3776
110 -3520
111 -3121
-17 -2609
-18 -2481
-18 -2751
239 -2367
239 -2623
239 -3377
-17 -3633
-17 -3903
238 -4288
111 -5425
-17 -6208
110 -6847
239 -6975
238 -7360
111 -8000
111 -8241
-17 -8256
111 -8511
239 -8511
238 -9152
110 -9408
110 -8896
111 -8767
238 -8639
238 -8113
-17 -8256
111 -8511
238 -9151
238 -9408
366 -9663
494 -9664
367 -10047
238 -9920
111 -9279
239 -8497
-18 -8383
238 -8639
238 -8128
366 -7615
238 -7360
111 -7232
111 -7231
238 -7104
110 -7090
-145 -7488
366 -8128
367 -8511
494 -9152
623 -10560
366 -10944
110 -10944
111 -11313
-18 -12209
-17 -12850
-145 -12850
-146 -12465
-18 -12736
110 -12992
366 -12991
494 -12992
367 -12608
111 -12337
-17 -12352
111 -11839
239 -11071
239 -11072
110 -11456
367 -11583
239 -11584
111 -11584
110 -11711
239 -11072
110 -10432
110 -9664
110 -9152
111 -8768
111 -8512
110 -8128
110 -7601
-17 -7232
367 -6976
110 -6833
-18 -6592
110 -7104
111 -7744
366 -7872
111 -8256
110 -9152
111 -9536
366 -9664
110 -9663
239 -10304
111 -11072
111 -11328
111 -11072
111 -10815
239 -10816
111 -11072
111 -10815
239 -10560
110 -10175
238 -9920
366 -9408
111 -8767
239 -8768
111 -9280
111 -9280
111 -9280
111 -9023
238 -9151
239 -8768
111 -8000
110 -7360
111 -6975
239 -6719
238 -6591
238 -6079
239 -5696
111 -5440
111 -5169
-18 -4800
111 -4927
238 -5312
110 -5824
110 -6336
111 -6976
110 -7601
-17 -8000
110 -8128
111 -8497
-18 -9151
238 -9664
366 -9664
110 -9408
110 -9393
-17 -9791
238 -9663
238 -9407
239 -9279
238 -8896
111 -8767
239 -8512
366 -7871
238 -7872
111 -8256
111 -8511
239 -8512
110 -8626
-145 -9009
-17 -8511
238 -7615
238 -7103
238 -6847
239 -6463
238 -6335
238 -6080
111 -5696
111 -5440
111 -5184
111 -4928
110 -5056
366 -5297
-18 -6080
111 -6463
239 -6720
110 -7616
111 -8256
111 -8511
239 -8753
-17 -9536
110 -10688
366 -10688
366 -10176
366 -10176
110 -10432
111 -10289
-17 -10304
111 -10033
-17 -10033
-18 -10175
238 -9663
239 -9024
367 -8767
239 -9535
239 -10048
110 -10175
239 -10304
110 -10688
111 -10289
-17 -9521
-18 -8896
111 -8512
110 -8384
111 -8256
111 -8000
110 -7601
-18 -7360
366 -7359
238 -6848
110 -7103
239 -7488
110 -8113
-17 -8512
110 -9151
239 -10289
-17 -11058
-146 -11441
-17 -11840
111 -12337
-17 -13105
-18 -13503
239 -13631
494 -14016
111 -14129
-17 -14144
110 -14271
238 -14001
-17 -13888
111 -13887
494 -13759
239 -13105
-18 -13504
111 -14129
-18 -14258
-146 -14257
-18 -14528
111 -14656
110 -14528
110 -14002
-145 -13618
-145 -13361
-17 -13375
238 -13247
238 -12992
110 -12479
239 -12352
111 -12095
239 -11839
238 -11967
239 -12351
239 -12864
110 -13504
110 -14002
-146 -14770
-145 -15409
-17 -15935
239 -16191
238 -16831
238 -17600
110 -17842
-146 -17855
239 -17728
111 -17984
111 -18239
238 -17856
110 -17599
238 -17600
366 -17599
238 -17344
110 -16575
238 -16320
110 -16561
-18 -16817
-17 -16704
111 -16447
239 -16704
111 -16703
239 -15935
238 -15039
239 -14655
495 -14143
495 -13631
238 -13248
367 -12863
238 -12480
110 -12224
110 -12209
-17 -12096
111 -12095
238 -12224
111 -12593
-18 -13248
110 -13745
-17 -14385
-17 -14641
-17 -14641
-18 -15039
238 -15551
238 -15808
111 -15679
239 -15424
110 -15537
-18 -15808
111 -15680
110 -15040
110 -14527
239 -14400
367 -14143
238 -13248
111 -12864
110 -13504
111 -13632
111 -13632
366 -13248
110 -13247
239 -12864
111 -11839
238 -10688
111 -10559
238 -10688
366 -10432
367 -10048
111 -9266
-145 -8753
-17 -8511
238 -8127
239 -8000
367 -8000
110 -8384
111 -8512
110 -8640
110 -8882
-145 -9522
-146 -9905
-18 -10176
111 -10545
-18 -10929
-17 -10801
-18 -10417
-17 -10289
-17 -10303
238 -10175
239 -9280
111 -8511
238 -7872
111 -7473
-18 -6847
239 -6464
367 -6208
367 -6463
238 -7104
367 -7488
111 -7488
110 -7872
110 -7616
111 -6976
111 -6207
239 -5696
366 -5568
110 -5312
111 -4672
111 -4159
239 -3648
111 -3392
111 -3136
110 -3008
111 -3135
238 -3519
238 -3775
238 -4017
-18 -4544
111 -5440
111 -5439
239 -5439
239 -5952
110 -6848
111 -6976
111 -6976
110 -7104
111 -7217
-18 -7345
-17 -7232
110 -6592
367 -6207
238 -6065
-17 -5937
-17 -5425
-18 -5056
111 -5183
238 -6065
-17 -6449
-17 -6464
110 -6321
-18 -6080
110 -5568
111 -4415
238 -4273
-17 -4160
111 -3904
111 -3647
238 -3250
-145 -3135
238 -3263
239 -3121
-18 -2994
-146 -2993
-17 -3904
110 -4543
238 -5056
110 -5809
-17 -6705
-18 -7360
111 -7744
366 -8384
111 -9010
-145 -9265
-17 -9023
239 -9024
367 -9010
-146 -9393
-18 -9408
111 -9265
-17 -9023
238 -8895
495 -8511
238 -7616
110 -7345
-18 -7872
111 -8256
111 -8256
110 -7872
366 -8128
367 -7985
-17 -7232
110 -6591
239 -5937
-17 -5681
-17 -4913
-17 -4657
-17 -4145
-18 -3761
-17 -3648
110 -3249
-17 -2879
238 -3264
110 -4031
239 -3904
110 -4031
238 -4799
239 -5696
111 -5937
-17 -6193
-17 -6464
110 -7104
111 -7729
-17 -7473
-17 -7488
111 -7488
111 -7487
239 -7488
366 -7104
111 -6705
-18 -6833
-17 -6464
110 -5568
110 -5056
110 -5553
-17 -5952
111 -5951
239 -5952
111 -5952
110 -5554
-145 -5169
-18 -4287
239 -3633
-18 -3505
-17 -3121
-18 -2737
-17 -2368
110 -1984
367 -2112
111 -2098
-146 -1969
-18 -2496
110 -3264
110 -3775
238 -4287
238 -5311
239 -6207
239 -6720
110 -6848
367 -7231
238 -8383
239 -9009
-18 -9394
-146 -9393
-17 -10047
238 -10431
239 -11072
110 -10944
110 -11199
238 -11456
110 -11199
238 -10688
367 -10559
239 -11072
366 -11711
239 -12096
111 -12351
495 -12608
367 -13120
366 -12991
239 -12096
110 -11711
238 -12224
367 -12352
366 -11967
495 -12351
494 -12223
495 -12352
366 -12480
366 -12991
495 -13375
495 -14656
367 -15680
110 -16576
367 -17728
367 -19520
367 -20287
494 -20928
622 -21951
751 -23359
495 -24127
495 -24384
622 -24511
750 -24768
879 -25407
751 -25664
878 -25535
1007 -25408
879 -25919
1006 -25791
1007 -25664
1134 -25792
1390 -26304
1390 -27328
1390 -27840
1646 -28607
1774 -29632
1902 -30143
1774 -30399
2030 -30655
2031 -31296
2159 -32063
2540 -32960
2668 -33728
2669 -34112
2924 -34495
3309 -35135
3564 -35776
3693 -36416
3949 -37440
4460 -39104
4716 -40384
4973 -41279
5357 -42816
5741 -44607
6124 -45760
6508 -47296
6764 -48576
7276 -50368
8044 -52416
8556 -53695
8940 -54976
9581 -56895
10221 -58687
10732 -60096
11372 -61375
12012 -62911
13036 -64704
13935 -66367
14830 -67775
15598 -69567
16367 -72000
17519 -74815
18670 -77248
19822 -80319
21230 -83648
22127 -86335
23791 -88640
25199 -90943
26350 -93631
28143 -97344
30060 -101311
31725 -105022
33388 -108734
35181 -112957
37101 -117566
39277 -122686
41581 -128062
43887 -134206
46703 -141118
49263 -148541
51694 -155838
54636 -164030
57709 -172605
60652 -181181
63980 -189888
67438 -199360
71022 -209600
74606 -220096
78444 -230591
82413 -240959
86508 -252095
90862 -263615
95471 -275518
100207 -287549
105197 -300350
110189 -313405
115692 -327613
121326 -341693
126958 -356544
132717 -373056
138860 -390335
145391 -407871
152047 -425535
158700 -444349
166127 -463933
173550 -483774
181100 -503997
188911 -525631
197103 -548415
205549 -572223
214254 -596928
223342 -622269
232429 -648765
241902 -676030
251757 -704062
261742 -733119
272364 -763071
283119 -794432
293997 -826686
305518 -859582
317293 -893504
328814 -928959
341228 -964799
353774 -1001150
366701 -1038653
379631 -1077565
393198 -1117376
407149 -1157695
421358 -1198525
435692 -1240509
450284 -1283264
465263 -1326911
480493 -1371198
496237 -1416509
511983 -1462592
528239 -1509439
544748 -1556925
561391 -1605181
578286 -1655232
595567 -1706303
613100 -1757885
630765 -1810238
648558 -1863103
666606 -1916351
685039 -1970237
703724 -2024384
722541 -2079296
741228 -2135229
760302 -2191550
779630 -2248384
799087 -2305343
818415 -2362686
837997 -2420544
857453 -2478655
877037 -2536765
896749 -2595389
916716 -2654656
936558 -2713790
956015 -2772541
975599 -2831679
995311 -2891328
1014639 -2949949
1034221 -3008319
1053676 -3066559
1072621 -3124285
1091565 -3181374
1110383 -3237695
1128686 -3293375
1146607 -3348286
1164653 -3402560
1182316 -3455679
1199596 -3507901
1216238 -3558846
1232751 -3608640
1248877 -3657280
1264237 -3704381
1279214 -3750333
1293804 -3795134
1307756 -3838656
1320815 -3880256
1333868 -3920062
1346158 -3958206
1357676 -3994558
1368430 -4028864
1378669 -4060736
1387887 -4091199
1396461 -4119360
1404271 -4144701
1410797 -4167229
1416941 -4187197
1422318 -4204478
1426542 -4219070
1429868 -4230846
1432173 -4239677
1433580 -4245949
1434092 -4249277
1433580 -4249789
1432045 -4247357
1429229 -4241981
1425389 -4233534
1420654 -4221374
1414767 -4205888
1407597 -4187199
1399532 -4165312
1390190 -4140224
1379693 -4111677
1368302 -4079294
1355885 -4043583
1341935 -4004671
1326831 -3962174
1310572 -3916221
1293295 -3866944
1274990 -3814592
1255278 -3758781
1234670 -3699133
1212655 -3636032
1189999 -3570493
1166062 -3502015
1140719 -3430208
1114478 -3354814
1087340 -3276224
1059181 -3194685
1029870 -3109568
999791 -3020861
968685 -2928960
936303 -2835006
903277 -2738239
869358 -2638014
834412 -2535359
798702 -2430142
762478 -2322624
725101 -2212928
686958 -2100670
648303 -1986368
608621 -1870653
568556 -1753279
528108 -1633728
486767 -1512509
444911 -1390400
402798 -1266112
360303 -1140285
317166 -1013183
273388 -885181
229613 -756030
185708 -625600
141164 -493760
96621 -361277
51951 -227904
7023 -93747
-37918 41038
-82590 175948
-127134 309836
-171421 443087
-215581 575949
-259102 706380
-302238 832590
-344989 958924
-387486 1085772
-429472 1211726
-470687 1336269
-511519 1459151
-551967 1580239
-591645 1700557
-630814 1818446
-669342 1933901
-707103 2047183
-744221 2159053
-780573 2268879
-816160 2376781
-850717 2482383
-884511 2585295
-917790 2686286
-949920 2785101
-981277 2881231
-1011487 2973900
-1040798 3064143
-1069087 3151308
-1096608 3234895
-1122845 3315405
-1148190 3393100
-1172381 3467982
-1195679 3539405
-1217567 3606988
-1238688 3671886
-1258398 3733838
-1277341 3792333
-1294878 3847247
-1311263 3898575
-1326879 3946958
-1341085 3992013
-1354270 4033868
-1366432 4072014
-1377438 4106575
-1387039 4138702
-1395613 4166606
-1403294 4190796
-1409695 4211916
-1415070 4230221
-1419550 4245069
-1422878 4256845
-1424928 4266061
-1426208 4272716
-1426335 4275916
-1425567 4276172
-1423776 4273229
-1421087 4267468
-1417373 4259277
-1412638 4248398
-1407133 4234702
-1400991 4218063
-1393952 4198734
-1386141 4176847
-1377056 4151885
-1367581 4124364
-1357472 4095052
-1346463 4063439
-1334560 4029262
-1322142 3992908
-1309344 3955276
-1296030 3915852
-1282208 3874126
-1267360 3831118
-1252253 3787212
-1236384 3742029
-1220640 3695183
-1204254 3647055
-1187357 3597516
-1170079 3547340
-1152672 3496783
-1134877 3444687
-1116702 3391564
-1098397 3337934
-1079711 3284174
-1061023 3228877
-1041951 3172300
-1022877 3115726
-1003422 3058766
-984222 3001676
-964765 2943950
-945567 2886350
-925855 2829005
-906271 2771405
-886559 2713294
-866973 2654925
-847645 2596557
-828189 2538446
-808862 2480463
-789790 2422861
-770591 2365134
-751519 2308046
-732832 2251085
-714272 2194252
-695453 2137807
-677150 2082126
-658845 2026701
-641055 1971916
-623520 1917519
-605727 1864397
-588318 1812301
-571421 1760462
-554656 1709135
-538144 1658956
-521885 1609932
-505757 1561550
-490144 1514063
-474912 1467215
-459805 1421517
-444703 1376461
-430368 1332302
-416414 1288271
-402464 1245517
-388896 1205837
-375326 1166156
-362144 1126222
-349598 1087311
-337183 1049549
-325152 1012813
-313373 976845
-301856 942414
-290974 909134
-280224 876878
-269470 845389
-259103 814028
-249245 784076
-239518 754765
-230176 726606
-221086 698959
-212000 672079
-203293 646092
-195232 620876
-187039 595916
-179357 571340
-171935 547789
-164640 524878
-157597 501967
-150815 480462
-144031 459727
-137758 439631
-131615 420300
-125600 401229
-120093 383180
-114846 366668
-109471 350668
-104351 335052
-99486 320078
-94878 306255
-90400 292686
-86432 279631
-82208 267342
-78237 255950
-74398 245070
-70814 234318
-67231 223436
-63904 212812
-60832 203085
-57885 193741
-54813 184268
-51870 175693
-49181 167628
-46752 160076
-44448 152909
-42271 145101
-39968 138317
-37663 132045
-35614 126029
-33821 120526
-32158 114767
-30493 109262
-28574 104527
-27165 99534
-25760 94542
-24224 89935
-22560 85839
-21280 81743
-19999 77263
-18975 73422
-18079 70350
-17055 66766
-16030 63055
-15133 60110
-14493 57550
-13469 54991
-12573 52687
-11806 50254
-11165 47823
-10525 45775
-10014 43599
-9501 41678
-8862 39759
-8221 38350
-7582 36943
-7197 35023
-6685 33230
-6304 31823
-5920 30031
-5407 28622
-5279 28110
-5024 27983
-4639 28367
-4128 28238
-4000 27471
-3871 26830
-3488 26446
-3231 26062
-3231 25807
-2848 25167
-2592 24398
-2463 23759
-2335 22734
-2208 21326
-2207 20174
-1952 19023
-1823 17614
-1696 16463
-1567 15311
-1568 14414
-1440 13391
-1312 12111
-1311 11214
-1184 10831
-1056 10575
-1056 10318
-927 9934
-928 10063
-799 9678
-927 9678
-927 9934
-927 10191
-288 10831
-543 10958
-671 10190
-415 9935
-543 9678
-160 9550
-160 9294
-415 9423
-543 9935
-544 10319
-287 10703
-31 10446
-160 10319
-288 10575
-287 10446
-159 10702
-159 10447
-288 10319
-31 10703
-32 10575
-32 9807
-32 9806
-159 9679
-32 9038
-160 8271
-32 8271
-31 8128
96 8015
-32 7502
-159 7631
-32 8015
-32 8015
-31 7872
96 7246
-160 6991
-31 6863
-32 6735
-31 6606
-159 6350
-159 6592
97 6592
97 6095
-31 5583
-288 5711
-287 5583
-31 5327
-31 5326
-159 6095
-32 7247
-31 7616
97 7886
-160 8527
-31 8911
-31 9679
-32 10319
-287 10447
-32 10575
-32 10575
-31 10191
-32 9550
-160 9039
-31 8655
-32 7744
97 6848
353 6336
353 5824
96 5184
96 4431
-31 3791
-31 3777
225 3776
96 3648
96 3151
-32 3150
-160 3663
-287 3790
-160 3919
-32 4175
-31 4801
224 4928
97 4559
-31 4302
-160 4430
-159 4302
-159 4047
-31 4288
97 5056
96 5697
224 6208
97 6351
-31 6351
-32 6464
96 6735
-32 7246
-159 7118
-160 7247
-31 7361
224 7232
352 6720
352 6464
353 6337
224 5696
97 5071
-31 4814
-160 4687
-31 4559
-32 3904
96 3151
-31 3535
-31 3776
96 3663
-31 3521
224 3648
97 3791
-31 3790
-160 3648
96 3648
352 3905
225 4288
97 3776
96 3137
480 3137
225 2767
-32 2383
-31 2496
97 3279
-32 3905
225 4289
225 4559
-32 4687
-31 5313
225 6081
225 6592
96 6720
97 7104
97 7375
-31 7104
96 6720
97 6095
-31 5825
225 5313
224 4417
225 4032
97 3521
225 3264
96 2368
97 1999
-32 1871
-31 1998
-160 1614
-160 1358
-160 1345
225 1728
96 1856
96 2113
225 2497
225 3264
96 3649
225 3521
480 3137
224 3136
97 3279
-32 2880
96 2625
225 3009
224 3905
225 4545
224 4673
224 4943
-31 5327
-31 5583
-32 5953
224 5952
97 6095
-32 6209
224 5967
-31 5327
-31 4815
-31 4800
97 4288
97 3520
96 3136
97 3022
-159 2767
-32 1870
-159 1743
-32 1856
97 1999
-32 1871
-32 1600
97 1487
-32 1871
-32 1856
97 1985
225 1999
-31 2254
-160 2880
97 2496
96 1600
97 1231
-32 1103
-32 847
-31 718
-159 1230
-160 2127
-32 2624
96 2881
224 3136
96 3662
-160 4160
96 4672
352 4928
97 5312
96 5696
97 5569
224 4929
225 4801
225 4303
-32 3663
-31 3008
97 2496
96 1856
96 1359
-31 719
-31 207
-18 -192
96 65
239 -63
238 -191
238 -433
-17 -305
-31 192
97 192
96 335
-31 975
-31 1487
-32 1102
-159 448
97 449
224 577
225 705
225 705
224 1088
97 1728
96 2368
96 2383
-31 2752
96 3136
97 3534
-159 4046
-159 4032
96 4160
97 4032
352 3649
481 3264
97 2752
96 2368
96 2112
96 1359
-31 704
97 705
225 705
239 -49
-17 -832
110 -433
-18 -448
110 -433
-17 -817
-18 -703
238 -448
367 -64
367 -63
239 -64
97 463
-32 846
-160 576
110 -192
110 -192
111 -319
238 -447
239 -575
224 79
-32 1102
-160 1359
-32 1344
97 1472
352 2112
97 2511
-32 2880
97 3265
224 3392
97 3776
96 3905
225 3776
96 3136
96 2624
97 2255
-31 1216
96 576
96 320
96 64
110 -448
111 -1073
-17 -1343
239 -1343
238 -1472
111 -1600
111 -1585
-17 -1344
111 -1088
111 -1088
111 -575
238 -434
-160 78
-145 -49
-18 -434
-145 -832
111 -832
110 -704
110 -704
111 -320
96 320
97 719
-31 960
96 832
96 1088
96 1600
96 1871
-31 2255
-32 2368
96 2625
225 2511
-31 1985
225 1472
97 1217
225 704
111 -64
110 -704
110 -945
-17 -1073
-18 -1713
-18 -2240
111 -2111
494 -2239
238 -2496
110 -2481
-18 -2482
-146 -2240
110 -1983
239 -2112
111 -2112
110 -1727
239 -1343
238 -1472
110 -1984
111 -2353
-17 -2368
110 -2496
111 -2880
367 -2624
110 -1727
239 -1088
110 -704
110 -448
111 -63
225 463
-31 975
-32 1088
96 1345
225 1742
-160 1871
-32 1345
225 960
97 719
-32 78
-146 -946
-145 -1585
-18 -1728
111 -2112
111 -2623
239 -3391
238 -3506
-146 -2993
-273 -3391
239 -3392
110 -3761
-18 -3776
111 -3136
111 -3392
110 -3007
239 -2624
110 -2240
110 -2240
110 -2751
239 -2880
110 -2737
-17 -2866
-145 -3121
-17 -2624
111 -1841
-18 -960
110 -959
238 -959
238 -704
111 -306
-160 79
-32 321
480 576
96 847
-31 719
-32 79
-273 -64
110 -447
238 -960
367 -1855
239 -2367
239 -2624
111 -2880
110 -3520
111 -4160
111 -4160
111 -4160
110 -4032
110 -4288
110 -4287
239 -4145
-18 -4017
-18 -4017
-18 -3762
-146 -3506
-145 -3121
-18 -3008
111 -3633
-18 -3761
-17 -3889
-18 -4288
111 -4159
238 -4032
111 -3392
110 -2496
111 -2112
111 -1841
-17 -1842
-146 -1472
111 -1088
111 -320
110 -192
111 -320
110 -192
110 -704
110 -1216
367 -1599
239 -1856
110 -2737
-17 -3122
-146 -3505
-18 -3775
239 -4160
111 -5170
-146 -5298
-145 -5169
-18 -5055
238 -5312
110 -5553
-18 -5312
111 -5184
111 -5184
111 -4928
110 -4544
110 -4031
238 -3776
366 -4529
-18 -4785
-17 -4927
239 -4928
110 -5056
111 -4671
239 -3903
238 -3264
366 -3264
110 -2993
-17 -2624
111 -2623
495 -2368
366 -1983
239 -2112
367 -1856
366 -1984
366 -2240
111 -2609
-18 -2993
-17 -3391
238 -4032
111 -4928
111 -5184
110 -5567
238 -6335
238 -7104
110 -7360
111 -7232
110 -7104
110 -7360
110 -7601
-17 -7744
110 -7615
239 -7217
-18 -7089
-18 -7104
110 -6848
111 -6975
239 -7744
367 -7999
238 -8128
111 -8511
239 -8768
110 -8896
366 -8384
111 -7985
-17 -7729
-18 -7616
110 -7616
111 -7488
110 -7103
239 -6975
238 -6848
110 -6848
111 -7232
111 -7743
238 -8369
-18 -8881
-18 -9663
238 -10687
238 -11712
110 -12480
111 -13105
-17 -13873
-18 -15025
-17 -15680
110 -16049
-17 -16433
-17 -16945
-18 -17600
110 -17856
110 -17841
-17 -17970
-146 -18097
-17 -18240
110 -18112
111 -17983
238 -18624
111 -19264
111 -19506
-145 -19761
-17 -20032
111 -20031
239 -19008
111 -18240
111 -17969
-17 -17983
239 -17471
238 -17087
238 -16576
111 -16177
-17 -15935
239 -15679
238 -15281
-18 -15296
110 -15552
111 -15680
111 -15921
-17 -16433
-17 -16945
-17 -17201
-18 -17088
111 -17472
111 -17969
-17 -17984
111 -17472
110 -17088
110 -17087
238 -17088
111 -16704
110 -16064
110 -15793
-17 -15680
110 -14783
238 -14272
110 -14016
111 -14385
-18 -14257
-17 -14144
111 -14143
238 -14016
111 -13632
110 -12992
110 -11712
110 -10929
-18 -10673
-18 -10161
-17 -9522
-145 -9023
238 -8640
366 -8384
111 -7985
-18 -7359
239 -7218
-146 -7345
-18 -7616
110 -8128
111 -8511
239 -9023
238 -9137
-17 -9280
110 -9408
367 -10047
239 -10303
239 -10033
-17 -9778
-146 -9905
-18 -9920
366 -9664
366 -9152
110 -8895
239 -8511
238 -8384
110 -7601
-18 -7104
111 -7232
111 -7487
239 -7232
366 -7360
366 -7360
366 -6833
-18 -5809
-17 -4672
111 -4159
239 -3904
367 -3392
110 -3007
239 -2097
-18 -1472
110 -1216
111 -1073
-17 -575
238 -704
110 -1457
-18 -1472
367 -1600
366 -2239
239 -2879
238 -3505
-18 -3506
-145 -3648
111 -4415
239 -4416
366 -4288
367 -4416
111 -4415
239 -4416
111 -4160
110 -3775
495 -3392
110 -2993
-17 -2865
-17 -2368
111 -2097
-18 -2752
111 -3391
238 -3520
110 -3776
110 -3775
239 -3648
110 -3008
367 -2368
110 -1969
-18 -1969
-18 -1728
110 -945
-18 -447
239 -320
367 -63
225 206
-159 448
96 321
239 -63
239 -561
-18 -1216
111 -1599
238 -2239
238 -2481
-17 -2866
-146 -3264
110 -4032
111 -4416
110 -4288
110 -4273
-17 -4672
111 -4927
238 -5041
-18 -4785
-17 -4671
238 -4799
239 -4160
110 -3249
-18 -3008
111 -3392
110 -3775
239 -3648
111 -3633
-18 -3761
-18 -3761
-18 -2738
-146 -1969
-18 -1472
111 -1344
367 -1344
110 -946
-146 -433
-31 207
-32 335
-32 577
224 1089
224 1088
353 705
224 335
-32 79
-18 -703
238 -1472
110 -1713
-18 -1713
-18 -2240
110 -3263
239 -4165
