239 -1088
97 1472
97 3520
96 6464
96 11343
-31 15808
97 17615
-31 18625
224 20288
97 21454
-160 21312
96 20288
96 18511
-31 16591
-31 15296
97 14287
-31 12736
97 10177
224 6465
224 2113
238 -1201
-18 -3761
-18 -6080
111 -9792
111 -14400
111 -17216
110 -18353
-17 -18994
-146 -20159
238 -21184
366 -21440
110 -20672
366 -19377
-17 -18481
-17 -17471
238 -16320
110 -14016
366 -10176
367 -5681
-17 -1344
97 1985
225 3776
96 6209
224 10817
224 15169
225 17089
224 18496
96 19777
224 21056
96 21312
97 20417
224 19009
481 17344
97 16335
-31 15054
-159 13006
-160 10304
96 6976
96 2368
111 -1344
111 -3392
110 -5297
-18 -8882
-145 -13632
111 -16703
238 -17855
238 -18880
111 -20017
-18 -20657
-17 -20785
-18 -20402
-146 -19392
110 -18353
-17 -17202
-145 -15665
-18 -13490
-145 -9777
-17 -5184
110 -704
97 2496
97 4289
225 6849
224 11328
97 15823
-32 17984
96 19008
97 20416
96 21568
97 21455
-32 20800
96 19009
225 17089
224 15937
225 14543
-31 12750
-160 10063
-32 6223
-31 1743
-18 -2225
-17 -4401
-18 -6080
111 -9536
110 -14528
110 -17586
-146 -18624
110 -19633
-18 -21169
-18 -21951
238 -21951
239 -21567
238 -20401
-18 -19648
110 -18880
110 -17600
111 -15423
238 -12224
111 -7729
-18 -3264
111 -63
225 2241
225 4801
224 9536
352 14401
225 16832
97 18368
97 19904
353 20929
224 21568
353 21185
224 19776
96 17984
353 16576
352 15425
224 13888
97 11200
352 7489
224 3137
238 -689
-18 -3249
-17 -4928
110 -8384
110 -12992
110 -16305
-18 -17600
111 -18496
110 -19889
-17 -20785
-18 -20928
110 -20657
-18 -19633
-17 -18496
367 -17727
239 -16191
238 -14015
495 -10801
-17 -6705
-18 -2225
-31 960
97 3279
-31 5824
96 10304
97 14785
225 17359
-31 18368
97 19392
97 20431
-31 20928
96 20544
97 18880
96 17216
353 15552
353 14017
224 12623
-32 10048
97 6081
224 1600
110 -2225
-17 -4928
111 -6720
111 -10048
366 -14528
622 -18111
238 -19647
238 -20159
239 -21297
-17 -22336
110 -22208
110 -21951
239 -20544
111 -19249
-18 -18624
111 -17201
-17 -15168
110 -11697
-18 -7360
110 -2752
97 975
-32 2881
225 5312
96 9807
-32 14671
-31 17600
97 19137
225 20417
225 21696
96 22336
97 22208
97 20943
-32 19264
97 17857
225 16576
96 14912
97 12481
225 8896
97 4544
97 449
238 -2225
-18 -4032
110 -7359
239 -11840
110 -15537
-18 -17073
-17 -17984
110 -19136
110 -20416
111 -20799
238 -20160
111 -19008
111 -18240
366 -17344
367 -15936
367 -13873
-18 -10688
111 -6976
110 -2481
-31 975
-32 2895
-31 5071
-31 9423
-32 14415
-31 17344
96 18497
224 19521
225 20929
225 21441
224 21057
480 19777
225 17856
97 16576
97 15311
-31 13760
97 11201
225 7873
224 3393
239 -1087
238 -3776
110 -5568
111 -8241
-18 -13248
111 -16959
239 -18495
239 -19761
-18 -20927
238 -21952
110 -22193
-17 -21809
-18 -20671
239 -19520
111 -18481
-18 -17344
111 -15168
111 -12096
110 -7616
111 -2865
-32 576
353 3009
225 5312
96 9537
224 14401
225 17345
225 18881
224 20033
224 21569
224 22337
225 21952
353 20673
225 18880
96 17473
225 16064
96 14401
224 12096
97 8640
97 4302
-146 -177
-17 -3121
-17 -4928
110 -7615
238 -12480
111 -16703
238 -18367
238 -19391
238 -20671
239 -21567
239 -21824
111 -21824
110 -20671
238 -19647
239 -18752
111 -17727
239 -15936
111 -12864
111 -8767
238 -4032
111 -319
224 1856
352 3904
353 7873
225 12736
97 15552
97 16832
97 17871
-31 19392
97 20161
225 20160
96 19009
224 17216
97 15567
-31 14286
-160 12864
97 10432
97 6849
224 2624
111 -1855
238 -4544
111 -6464
367 -9279
238 -13504
367 -17472
366 -19391
238 -19889
-17 -20800
367 -22336
110 -22705
-18 -21952
110 -20672
111 -19520
110 -18368
110 -17344
111 -15409
-18 -12480
110 -8128
110 -3519
225 463
-31 2752
96 4928
353 8897
481 14016
352 17472
96 18767
-32 20032
97 21696
353 22721
225 22464
96 21070
-159 19407
-31 17856
96 16718
-160 15183
-31 12992
97 9409
225 5071
-32 1103
-17 -1855
239 -3648
367 -6207
239 -10559
239 -14911
239 -16960
110 -18112
111 -19520
110 -20658
-145 -21312
367 -21311
238 -20416
366 -19122
-146 -17856
111 -16704
111 -15424
111 -12608
110 -8384
110 -3505
-31 206
-159 2511
-31 4559
-32 8513
224 13888
97 17359
-31 18880
97 19905
224 21056
97 21952
97 21696
96 20800
96 18753
225 17089
225 16065
224 14657
224 12352
97 8897
224 4672
96 64
111 -2865
-17 -4657
-17 -7217
-18 -11712
110 -15808
110 -17599
239 -18752
111 -20018
-145 -21041
-18 -21681
-18 -21440
111 -20543
238 -19136
110 -18112
111 -17201
-17 -15424
111 -12351
239 -8511
238 -3776
97 192
97 2753
225 5057
224 8768
97 13760
97 17344
96 19008
97 20417
225 21696
96 22336
96 22351
-32 21327
-32 19776
96 17984
96 16448
352 14656
96 12608
352 9281
224 5184
96 576
111 -2880
110 -4543
239 -6976
110 -11441
-18 -15793
-18 -17856
111 -19007
238 -20160
111 -21298
-145 -22065
-17 -22066
-145 -21553
-18 -20401
-18 -19392
110 -18368
111 -16959
239 -14399
239 -10559
239 -5952
366 -2225
-17 -63
224 1600
97 4814
-160 9295
-32 12608
96 13888
96 14671
-31 16079
-31 17345
225 17857
225 17344
96 16192
96 14913
224 14415
-31 13775
-31 12239
-32 10048
96 7232
97 4288
96 2112
96 64
110 -2481
-18 -7345
-17 -12608
111 -16177
-17 -18481
-18 -20657
-18 -23231
239 -25152
367 -26432
111 -26930
-145 -26161
-17 -25407
239 -24127
494 -21951
238 -18368
111 -13119
238 -7360
366 -2240
96 1345
224 4160
352 8512
352 13632
97 17601
225 19136
97 19904
96 22081
225 24512
353 25537
225 25793
225 25280
353 25280
97 25793
225 25025
224 23360
97 20417
224 15936
97 10688
96 6991
-32 3663
-17 -562
-145 -6962
-145 -13874
-146 -18368
111 -21568
111 -24640
111 -27456
110 -29631
494 -30656
110 -30385
-18 -29376
111 -28722
-145 -28209
-18 -27057
-17 -25393
-17 -23104
110 -19392
110 -14514
-145 -10545
-17 -7744
111 -4160
97 704
96 4430
-159 6081
224 7233
225 9664
97 11712
96 12097
224 11072
97 9153
224 7745
225 7616
97 7616
97 6848
97 5057
224 1856
110 -1970
-145 -4914
-146 -6577
-18 -7872
111 -11057
-17 -15665
-17 -19264
111 -21056
110 -21696
110 -21695
238 -20416
110 -18368
111 -16192
111 -14144
110 -12736
111 -11825
-17 -10289
-18 -8113
-17 -5169
-18 -945
-32 3151
-32 5441
224 6977
225 9408
97 13505
224 16705
225 17089
224 16448
97 16320
96 16704
97 16065
224 15168
353 13761
224 12864
97 12736
97 12737
225 11727
-31 9166
-159 5568
96 833
239 -3121
-17 -5682
-145 -8753
-17 -13376
111 -18737
-17 -22321
-17 -23601
-273 -24881
-18 -26303
238 -27072
111 -26929
-18 -25536
110 -24241
-17 -23346
-146 -22207
239 -21055
239 -19263
238 -16049
-18 -11711
238 -7872
110 -5553
-17 -3904
111 -831
225 4544
97 9423
-32 11584
96 12608
353 13505
225 15040
96 15439
-32 14657
224 13135
-32 11598
-159 10432
96 9280
96 7744
97 5313
224 1871
-18 -2495
238 -5568
366 -7615
239 -9535
238 -13759
239 -19008
111 -22336
110 -23488
110 -24512
111 -25664
110 -26560
110 -26304
110 -25279
239 -23601
-17 -22079
238 -20415
239 -18240
367 -15409
-18 -11200
110 -6335
238 -1457
-32 2127
-32 4416
97 7872
97 13006
-160 17743
-32 19791
-32 21056
96 22080
97 23232
97 23488
97 22977
224 21057
225 19136
97 17871
-31 16576
97 14528
97 11471
-32 7502
-159 2767
-18 -704
111 -2880
111 -5183
239 -9024
110 -14271
239 -17714
-146 -19121
-18 -20146
-146 -21937
-17 -23104
366 -23488
111 -23616
110 -22464
110 -21682
-145 -20785
-18 -19392
110 -17073
-18 -13760
111 -9024
366 -4544
111 -1343
224 577
225 3279
-31 7887
-32 11855
-32 13888
97 14784
97 15808
96 16975
-32 17231
-32 16704
97 15040
96 13632
96 12609
225 11200
352 9281
224 6720
97 2753
238 -1728
111 -5183
238 -6848
367 -8256
366 -11711
238 -16063
238 -19136
366 -20160
367 -21056
367 -22080
366 -22975
238 -22976
367 -22336
622 -20928
623 -20032
622 -19136
623 -17727
495 -15424
623 -11840
623 -7488
622 -3007
480 64
609 2240
608 5184
865 10176
1121 14529
992 16705
992 17984
1120 19265
992 20545
992 20800
1120 20033
1249 18368
1377 16320
1376 15169
1505 13760
1632 12096
1889 9152
2145 5056
2158 -191
2543 -4415
2542 -7616
2671 -11071
2799 -15936
3183 -21567
3310 -25792
3439 -27967
3823 -29759
4078 -31679
4332 -33727
4589 -35135
4844 -36287
5100 -36543
5613 -36415
6124 -36288
6508 -35263
6892 -33728
7535 -31296
8046 -27840
8558 -24767
8942 -23231
9710 -22720
10350 -21696
10862 -19135
11503 -16191
12270 -15551
13038 -16575
13806 -17344
14702 -17856
15726 -19903
16622 -22975
17647 -27199
18670 -32191
19693 -36928
20845 -42047
22252 -47295
23532 -54208
24940 -62144
26478 -70848
28014 -79039
29678 -85696
31599 -92222
33389 -100670
35181 -111166
37228 -120509
39404 -128189
41966 -135614
44143 -143678
46702 -151998
49263 -159549
51693 -166717
54509 -173885
57581 -181566
60525 -189246
63855 -197184
67183 -204608
70511 -211776
74094 -218559
78063 -225599
82157 -234560
86124 -245184
90476 -255680
95087 -265022
99951 -274493
104943 -286526
109933 -300349
115181 -314686
120686 -329406
126319 -345408
132205 -363071
138476 -382400
145007 -403008
151662 -423871
158444 -445118
165487 -467261
172783 -491069
180460 -516798
188270 -544446
196460 -572863
205038 -600512
213613 -628031
222446 -657597
231660 -689341
241133 -720701
251119 -750909
261101 -781631
271343 -813375
282092 -845760
293231 -877885
304877 -910141
316398 -942271
328172 -975295
340462 -1009344
352876 -1043902
365935 -1079358
378991 -1114429
392684 -1149376
406382 -1185216
420461 -1223230
434799 -1263422
449388 -1304511
464620 -1344703
479982 -1385405
495596 -1428925
511213 -1474880
527215 -1521471
543724 -1568702
560493 -1617981
577519 -1668672
594798 -1721023
612334 -1774526
629868 -1828541
647917 -1882943
665837 -1938496
684399 -1995581
702958 -2054591
721902 -2114752
740719 -2174525
759790 -2233277
779244 -2291647
798700 -2352063
817900 -2414270
837228 -2475712
856940 -2534847
876780 -2594238
896367 -2654014
915822 -2713791
935663 -2772798
955246 -2831293
975087 -2889280
994669 -2946879
1014252 -3004605
1033709 -3061312
1052780 -3116735
1071854 -3170493
1091054 -3222205
1109740 -3273152
1128300 -3324864
1146477 -3377725
1164015 -3429952
1181806 -3479231
1198828 -3526333
1215724 -3574461
1232367 -3622463
1248236 -3669184
1263724 -3713726
1278830 -3756478
1293421 -3798333
1307628 -3840960
1320814 -3882176
1333613 -3920958
1345647 -3959358
1357166 -3997885
1367788 -4035520
1377903 -4072768
1387372 -4110272
1396079 -4144703
1403885 -4174654
1410671 -4200509
1416687 -4224574
1422188 -4246461
1426671 -4264510
1429615 -4277821
1431791 -4287550
1433453 -4294717
1433836 -4298686
1433452 -4299197
1431789 -4296253
1429230 -4289725
1425646 -4279741
1420782 -4267453
1414892 -4251584
1407852 -4231359
1399535 -4206911
1390317 -4177728
1379951 -4144702
1368428 -4109502
1355630 -4072383
1341676 -4031936
1326957 -3986239
1310958 -3936446
1293679 -3885119
1275118 -3832256
1255277 -3775805
1234924 -3715774
1213036 -3652799
1190124 -3587261
1166060 -3518912
1140844 -3447488
1114735 -3372094
1087598 -3293376
1059438 -3211966
1030252 -3128511
999919 -3043646
968815 -2957119
936684 -2867390
903534 -2773696
869485 -2676541
835055 -2577727
799468 -2477501
762863 -2374207
725740 -2266303
687596 -2155453
649199 -2042431
609518 -1927614
569196 -1810367
528621 -1690432
487532 -1568445
445934 -1444031
403695 -1318461
361199 -1191230
318063 -1061695
274926 -929213
231150 -794302
186991 -658240
142956 -522429
98541 -387390
53869 -251968
9325 -114483
-35359 24783
-79903 161997
-124445 296908
-168094 430670
-212126 564045
-256029 694989
-299294 821582
-341920 947021
-384287 1072589
-426272 1197390
-467872 1320781
-508703 1441999
-549150 1560909
-589086 1677133
-628255 1790414
-667040 1902157
-704798 2013263
-741919 2122956
-778399 2229966
-813726 2333517
-848672 2435407
-882974 2536780
-916128 2636623
-948254 2734157
-979487 2829262
-1010077 2922444
-1039517 3013071
-1067807 3101644
-1095070 3187535
-1121566 3269965
-1147167 3349965
-1171488 3427150
-1194656 3501901
-1216797 3574477
-1237789 3644366
-1257629 3710159
-1276702 3770956
-1294495 3828175
-1310752 3884111
-1326368 3937871
-1340702 3987021
-1353757 4030669
-1365791 4070351
-1376797 4107215
-1386783 4140239
-1395485 4168655
-1403166 4192589
-1409567 4212429
-1414941 4229324
-1419421 4243405
-1422621 4254156
-1425056 4260940
-1426336 4263756
-1426335 4262349
-1425437 4257996
-1423518 4252236
-1420957 4244429
-1417758 4233037
-1412896 4217166
-1407392 4198734
-1400990 4179791
-1393951 4159439
-1386015 4136399
-1377053 4111053
-1367584 4084045
-1357341 4055245
-1346591 4025294
-1334685 3993295
-1322272 3959117
-1309725 3923149
-1296159 3885773
-1281821 3848142
-1267104 3809871
-1252125 3770829
-1236766 3728973
-1220639 3684047
-1204254 3637839
-1187101 3592141
-1169952 3546700
-1152672 3498318
-1135005 3447502
-1117086 3395660
-1098400 3343183
-1079839 3289294
-1061280 3233868
-1042335 3176908
-1023134 3118671
-1003806 3060303
-984605 3002060
-965021 2943183
-945694 2883407
-925984 2822221
-906784 2760013
-887071 2697423
-867359 2636492
-848032 2576204
-828575 2515407
-809248 2453070
-790175 2390733
-771101 2330575
-752157 2272207
-733214 2213709
-714269 2155981
-695583 2099406
-677279 2043855
-659232 1989709
-641310 1937229
-623646 1884494
-606110 1832781
-588832 1782349
-571935 1733582
-555166 1686863
-538656 1641548
-522399 1596365
-506398 1550414
-490653 1504719
-475167 1461966
-460189 1421004
-445600 1379661
-430879 1337039
-416798 1294670
-402848 1252941
-389150 1213517
-375838 1173837
-363040 1133646
-350110 1093198
-337823 1053900
-325790 1015884
-314013 978892
-302496 941646
-291486 904270
-280735 867023
-269853 830412
-259487 795852
-249758 763213
-239903 731341
-230430 698446
-221343 666062
-212382 636239
-203808 609100
-195742 582477
-187680 556109
-180000 531533
-172317 508364
-165024 486991
-157983 466638
-151198 446798
-144798 427854
-138400 409935
-132383 394189
-126493 379853
-120606 367436
-115360 355149
-110112 341837
-104991 328652
-99997 317390
-95390 308559
-91166 298831
-86560 287566
-82336 276047
-78623 265166
-75166 254542
-71325 243150
-67998 231501
-64543 219084
-61088 207692
-58272 197452
-55454 187212
-52382 176717
-49950 165708
-47520 154189
-44831 142540
-42400 132429
-40222 123981
-37917 115148
-35997 104908
-34208 94542
-32416 86606
-30623 80590
-29088 74063
-27423 68047
-25629 62927
-24349 58575
-23069 55503
-21789 52942
-20637 50126
-19358 47438
-18334 45902
-17309 45519
-16414 46158
-15261 47823
-14366 48975
-13597 48591
-12830 47694
-12190 48719
-11293 50894
-10653 52175
-10014 51791
-9501 50638
-8861 50127
-8221 49614
-7838 48206
-7325 45775
-6941 42446
-6813 39374
-6046 36943
-5662 34382
-5280 31055
-5151 26830
-4767 21710
-4256 16463
-4127 12495
-3871 9934
-3743 6863
-3360 2127
-3089 -3122
-2961 -6449
-2834 -8113
-2577 -10034
-2450 -11953
-2577 -13105
-2321 -13362
-2193 -12850
-1937 -11826
-1682 -11186
-1681 -10546
-1682 -9394
-1425 -7473
-1297 -4146
-1184 79
-1055 3791
-1055 6351
-1311 8143
-1055 11214
-928 16207
-800 20047
-800 21583
-1056 22607
-799 24014
-672 24911
-544 24910
-671 23758
-671 21967
-543 20430
-415 19150
-416 17486
-415 15310
-416 12367
-544 8270
-672 3663
-544 334
-146 -1969
-273 -4657
-273 -9265
-274 -14514
-146 -17585
-17 -18994
-146 -20401
-274 -21938
-401 -22578
-401 -22578
-402 -21681
-274 -20401
-273 -19505
-17 -18737
-18 -17329
-17 -14898
-145 -11058
-146 -6322
-145 -1841
-31 975
-287 3279
-31 6336
96 11343
-287 15808
97 17857
224 18753
224 19776
96 21071
-31 21455
-32 20303
-32 18510
-160 16718
-159 15808
97 14543
-32 12623
-32 9793
225 6080
97 1487
-17 -1600
110 -3263
239 -5425
-18 -9152
111 -13631
238 -16319
239 -16959
239 -17969
-18 -19377
-17 -20017
-18 -20160
111 -19249
-17 -17727
239 -16945
-18 -15794
-145 -14386
-145 -12081
-17 -8497
-18 -4017
-32 64
96 3151
-287 5070
-159 8143
-31 12750
-159 17358
-160 19279
-31 19919
-31 21184
97 22223
-31 22222
-159 21711
-32 19776
97 17600
96 16448
97 15311
-32 13390
-159 10432
97 6350
-160 1614
-146 -1969
-18 -4017
-18 -6066
-145 -9521
-18 -14257
-18 -17329
-17 -18751
239 -19776
111 -21055
239 -22080
111 -22335
238 -21696
110 -20401
-17 -19506
-145 -18496
111 -17215
239 -14655
239 -11072
111 -6464
111 -2112
96 846
-160 3151
-32 6223
-31 10959
-32 15424
96 17728
96 19008
96 20544
97 21966
-159 22208
96 21568
97 19662
-160 17985
224 16960
97 15809
224 14159
-31 11200
97 7360
96 2639
-18 -960
111 -3121
-273 -4914
-146 -8626
-146 -13490
-146 -16305
-274 -17329
-18 -18354
-146 -19378
-146 -20402
-145 -20288
110 -19634
-146 -18610
-146 -17329
-17 -16434
-146 -15025
-18 -12722
-146 -9137
-17 -4672
111 -64
96 3151
-32 5184
97 7872
96 12623
-31 17359
-31 19648
96 20815
-31 22223
-31 23488
96 23631
-31 23247
-31 21440
96 19521
225 18368
96 17216
97 15552
96 12352
96 8526
-160 4430
-159 463
-17 -1856
110 -4032
111 -7474
-146 -11968
111 -14897
-17 -16192
111 -16960
367 -18240
366 -19135
239 -19520
111 -18993
-17 -17713
-273 -16433
-17 -15409
-17 -14400
366 -12480
111 -9024
110 -4530
-146 -177
-31 3009
225 5071
-32 8271
-32 12879
-31 17359
-31 19406
-159 20431
-32 21839
-32 22849
225 22991
-31 22720
96 21313
225 19393
225 18112
97 17088
97 15297
225 12736
97 9166
-160 4431
-32 577
239 -1841
-18 -3520
111 -6961
-17 -11826
-146 -15025
-17 -16448
110 -17329
-18 -18609
-17 -19505
-17 -19761
-18 -19392
110 -18368
111 -17457
-18 -16576
111 -15423
238 -13248
111 -10303
239 -6207
238 -1201
-31 1985
224 4161
224 6721
225 11456
97 16321
224 19008
97 19904
96 21327
-32 22863
-32 23104
97 22721
225 21185
225 19137
225 17856
97 16591
-32 14927
-31 12494
-160 8527
-31 4033
225 192
110 -2226
-146 -4018
-145 -7474
-145 -12352
111 -15680
110 -17073
-18 -17856
110 -19121
-17 -20288
110 -20416
366 -19648
110 -18368
110 -17343
239 -16177
-18 -14784
111 -12608
366 -9152
367 -4928
111 -319
224 3136
97 5326
-159 7631
-32 12352
97 17089
225 19649
225 20929
225 21953
225 23246
-160 23630
-159 23246
-159 21711
-31 19919
-31 18624
97 17344
97 15567
-32 12878
-160 9024
97 4559
-32 576
110 -1728
110 -3505
-17 -6449
-18 -11697
-18 -15295
239 -16704
367 -17728
111 -18752
110 -19904
111 -20288
110 -19648
110 -18623
239 -17728
110 -16832
110 -15552
110 -13503
239 -10303
239 -6208
111 -1841
-32 1601
225 3520
97 5838
-160 10048
97 15040
96 17728
97 18624
97 19904
96 21568
96 22337
224 22080
96 20558
-160 18767
-32 17231
-31 15567
-31 13761
224 11328
96 7759
-31 3278
-145 -562
-146 -2994
-145 -4657
-274 -7872
111 -12864
111 -16690
-145 -18226
-146 -18866
-145 -20017
-17 -21041
-273 -21041
-18 -20671
238 -19647
238 -18368
110 -17330
-145 -16434
-146 -14257
-273 -11057
-274 -6833
-18 -1713
-31 1729
224 3905
224 5953
225 10191
-32 14670
-159 17359
-31 18638
-159 20175
-32 21839
-32 22848
97 22735
-31 21711
-31 19919
-32 18511
-31 17615
-31 16334
-159 13775
-31 9935
-31 5326
-160 1103
-17 -1600
111 -3647
238 -7104
111 -12096
110 -16063
238 -17855
238 -18623
238 -20160
111 -21297
-18 -21440
111 -20785
-18 -19648
110 -18624
110 -17585
-18 -16562
-146 -14769
-18 -11968
111 -8000
110 -3520
96 321
224 2113
224 4672
96 9039
-32 13633
225 16576
353 17601
480 18752
96 20302
-160 20815
-31 20686
-159 19662
-160 17728
96 16207
-32 15182
-160 13632
96 11073
224 7503
-31 3022
-146 -960
110 -3520
111 -5183
239 -7729
-18 -12209
-18 -16049
-18 -18111
239 -19007
239 -20288
111 -21553
-17 -22080
110 -21696
111 -20544
111 -19008
111 -17984
110 -16561
-17 -14655
239 -11825
-18 -7857
-17 -3121
-31 463
-32 2383
-31 4544
97 8655
-31 13519
-31 16577
225 18112
97 19392
96 21056
96 21839
-32 21583
-32 20544
97 18639
-32 16960
96 15951
-31 14272
97 11968
97 8384
96 3904
110 -448
366 -3007
239 -4913
-18 -7616
110 -12480
111 -16689
-18 -18368
110 -19392
110 -20658
-146 -21938
-146 -22464
111 -22321
-17 -21312
110 -19648
111 -18752
111 -17969
-18 -16064
111 -12863
238 -8640
111 -3904
111 -320
97 1999
-32 4175
-31 7872
97 13007
-31 16320
97 17856
96 19008
96 20545
224 21583
-32 21326
-160 20047
-31 18112
97 16832
96 15680
97 14272
97 12224
97 9167
-31 4558
-160 320
111 -2368
110 -4031
239 -6705
-18 -11200
111 -15424
110 -17344
111 -18481
-18 -19391
238 -20671
238 -20927
238 -20672
111 -19776
110 -18609
-18 -17343
238 -16319
239 -14656
110 -11711
238 -7872
110 -3249
-31 719
-32 3136
97 4815
-31 8911
-31 13760
97 17089
225 18624
96 19791
-31 20943
-31 21952
96 22080
97 21184
96 19008
97 17103
-31 15822
-159 14287
-32 11840
97 8911
-32 4686
-159 207
-18 -2751
239 -4657
-18 -7089
-17 -11328
367 -15679
239 -17984
110 -18879
238 -20159
238 -21439
239 -21824
110 -21425
-18 -20672
110 -19121
-18 -18097
-18 -17088
110 -15295
239 -12593
-17 -8256
110 -3264
96 832
97 3264
96 5440
96 9024
97 14287
-32 17742
-159 19151
-32 20047
-32 21568
97 22720
96 22592
97 21441
224 19520
96 17999
-32 16704
96 15183
-31 13519
-287 10446
-159 6080
97 1729
239 -1088
110 -3007
239 -5425
-18 -9906
-145 -14642
-145 -16690
-145 -17457
-18 -18623
239 -20032
111 -20544
110 -20416
111 -19520
110 -18353
-18 -17329
-17 -16447
239 -15167
239 -12593
-18 -8882
-145 -4145
-17 -319
225 2255
-31 4559
-32 8257
224 13390
-160 17231
-32 18752
96 20032
352 21568
96 22592
97 22464
97 21455
-31 19663
-31 17856
96 16463
-32 14912
96 12865
224 9536
97 5312
96 1088
111 -1855
238 -4031
238 -6335
238 -10431
239 -15153
-17 -17472
111 -18496
367 -19519
238 -20928
110 -21425
-18 -21425
-18 -20672
111 -19505
-17 -18737
-18 -17856
110 -16319
238 -13760
111 -10047
239 -5440
111 -1585
-31 960
97 2753
225 6080
96 11343
-31 15296
97 16833
224 17985
225 19393
225 20417
224 20545
224 19777
224 17743
-32 15951
-31 14784
96 13376
96 11328
97 8128
96 3918
-145 -561
-17 -3633
-17 -5696
110 -7872
110 -11968
110 -16320
111 -19007
238 -19904
111 -20785
-18 -21937
-17 -22592
111 -22592
110 -21682
-146 -20401
-18 -19121
-273 -17970
-146 -16561
-18 -14001
-17 -10048
111 -5425
-17 -1073
-31 1984
96 3904
97 7104
97 12224
352 16192
353 18113
224 19265
224 20801
225 21711
-31 21967
-31 21184
96 19535
-32 17999
-31 16576
96 15183
-31 13248
97 9920
352 5952
353 1472
366 -1984
110 -4017
-18 -6079
239 -10304
111 -14898
-146 -17585
-18 -18624
110 -19903
238 -21183
238 -21937
-18 -21938
-145 -21298
-145 -19761
-17 -19008
111 -17983
239 -16433
-17 -14129
-17 -10546
-146 -6066
-146 -1713
-32 847
-32 2639
-32 5967
-32 10816
97 15055
-32 17216
97 18369
224 19776
352 20800
352 20801
225 20160
96 18511
-31 16833
225 15296
97 14016
96 12623
-32 9807
-31 5824
96 1358
-145 -1856
111 -3633
-17 -5696
111 -9536
110 -14016
110 -16576
111 -17215
239 -18495
239 -19761
-18 -20416
110 -20415
238 -19633
-18 -18866
-145 -18225
-18 -17329
-17 -15665
-18 -13504
111 -9792
111 -4955
