97 3008
96 3392
97 3791
-32 3407
-32 2880
96 2127
-31 1472
97 705
238 -192
111 -576
110 -960
111 -1599
239 -2111
238 -2496
110 -2495
239 -2623
238 -2481
-17 -2624
110 -2751
238 -2482
-146 -1983
239 -1855
238 -1471
239 -1088
367 -1343
239 -1855
239 -1856
111 -1856
110 -2239
238 -2495
238 -1727
238 -703
239 -64
96 65
225 449
225 704
96 1600
96 2112
96 2382
-160 2624
97 3008
96 3151
-32 2880
97 2511
-31 1998
-159 1217
225 463
-32 79
-18 -191
239 -818
-145 -1841
-18 -2752
110 -2751
239 -2880
111 -2880
110 -2993
-17 -2880
110 -2752
110 -2751
238 -2495
239 -2097
-18 -1984
111 -1599
238 -1472
111 -1585
-17 -1855
239 -2111
238 -2481
-18 -2225
-17 -1600
367 -561
-32 79
-31 192
96 577
225 975
-32 1359
-32 2127
-32 2639
-31 2752
96 2881
225 3008
96 2624
97 1999
-32 1615
-31 974
-160 78
-145 -305
-17 -561
-18 -1216
110 -1728
111 -2367
238 -2481
-18 -2481
-18 -2496
110 -2737
-18 -2737
-18 -2752
110 -2495
239 -2368
111 -2111
239 -1600
111 -1087
239 -1088
366 -1727
238 -2225
-17 -2112
110 -1969
-17 -2368
110 -1713
-18 -704
111 -63
224 79
-32 64
97 448
96 1103
-31 1728
96 2368
353 2497
224 2881
225 2753
224 2625
224 2113
225 1743
-32 1089
224 321
239 -320
366 -703
238 -1216
110 -1728
110 -2496
111 -2880
366 -2751
494 -2751
239 -2866
-145 -2880
110 -2751
238 -2496
110 -2496
110 -2225
-18 -1727
239 -1087
238 -1216
110 -1457
-18 -1728
111 -2111
238 -2239
239 -2367
239 -2367
239 -1088
367 -63
224 320
96 576
96 1102
-159 1743
-32 2113
224 2624
352 2625
225 3009
225 3009
225 2752
96 2112
97 1729
224 1344
97 448
367 -320
366 -704
110 -1215
239 -1856
366 -2495
239 -2624
367 -2368
111 -2112
110 -2496
366 -2495
494 -2496
367 -2112
110 -1969
-17 -1856
111 -1600
367 -1088
111 -1073
-18 -1728
367 -1855
494 -1983
238 -1984
110 -2240
110 -1727
239 -1088
111 -305
-32 64
96 320
96 577
225 1216
353 1985
225 2767
-287 3023
-287 3009
224 3137
224 2880
96 2368
97 1729
225 1473
224 576
111 -319
239 -320
111 -831
238 -1472
110 -1984
111 -2624
111 -2368
367 -2367
238 -2495
238 -2752
110 -2752
111 -2624
110 -2240
111 -2353
-17 -2112
110 -1472
110 -1216
366 -1728
366 -1984
111 -2354
-146 -2752
110 -2752
110 -2239
239 -1088
110 -177
-31 207
-31 206
-159 448
97 1216
96 1857
225 2496
97 2752
97 3023
-31 3264
97 3009
224 2368
97 1999
-31 1487
-32 576
111 -306
-145 -576
111 -576
111 -1074
-145 -2097
-17 -2368
110 -2495
238 -2752
111 -2623
238 -2751
239 -2880
110 -2752
110 -2496
110 -1970
-145 -1586
-145 -1088
110 -945
-17 -1329
-273 -1841
-18 -1983
238 -2240
366 -2239
239 -1855
239 -1087
239 -575
239 -49
-32 335
-287 719
-288 1103
-32 1600
96 2368
97 2767
-31 2753
224 2880
353 2752
353 2241
224 1856
96 1344
96 576
111 -64
111 -306
-145 -576
111 -1329
-18 -2240
111 -2624
111 -2368
111 -2368
111 -2368
110 -2481
-18 -2752
111 -2367
239 -2368
111 -2353
-18 -1728
110 -1201
-18 -960
111 -1585
-18 -1714
-146 -1984
110 -2239
238 -2240
111 -1841
-18 -945
-17 -305
-31 207
-31 448
96 591
-31 1216
97 1985
225 2752
96 2881
225 3008
97 3264
96 2881
224 2113
225 1728
97 1487
-31 719
-17 -49
-17 -562
-146 -945
-18 -1727
239 -2609
-18 -2751
239 -2623
238 -2752
111 -2623
238 -2752
366 -3008
110 -2481
-18 -2496
367 -2368
366 -2239
238 -1471
239 -1088
111 -1600
111 -2097
-18 -2240
111 -2353
-18 -2752
367 -2367
239 -1600
110 -704
96 65
224 321
225 704
352 1089
224 1601
225 2496
97 3009
224 2894
-160 3150
-159 3008
96 2368
97 1984
96 1600
97 975
-31 207
-18 -192
110 -689
-17 -1330
-145 -2112
111 -2368
366 -2496
367 -2623
238 -2496
110 -2495
238 -2240
110 -2225
-18 -1969
-18 -1984
111 -1585
-17 -1600
111 -1329
-17 -2112
111 -2111
239 -2112
111 -2368
111 -2367
238 -1983
239 -1088
110 -433
-32 64
111 -49
-31 463
-32 1089
224 1857
225 2497
225 2752
97 3008
97 3264
97 3023
-31 2496
96 2113
225 1729
224 833
238 -192
110 -433
-17 -576
111 -1088
111 -1842
-145 -2353
-18 -2240
111 -2112
110 -2495
238 -2495
239 -2353
-18 -1970
-145 -1841
-17 -1841
-17 -1600
111 -1087
239 -831
238 -959
239 -1344
111 -1585
-273 -1842
-145 -2112
111 -2111
239 -1343
239 -319
225 463
-31 718
-160 846
-160 1358
-159 2240
96 2895
-288 3136
97 3265
224 3406
-159 3279
-32 2880
96 2625
225 2240
353 1217
224 591
-31 192
110 -178
-146 -945
-18 -1713
-17 -2353
-18 -2240
110 -2240
110 -2496
110 -2495
238 -2495
239 -2112
110 -1984
110 -1970
-146 -1728
110 -1216
110 -960
111 -1344
110 -1727
238 -1984
366 -2240
111 -2097
-274 -1970
-145 -1329
-18 -191
224 321
224 576
97 975
-31 1487
-31 2255
-32 2895
-31 2767
-32 3136
96 3663
-31 3534
-159 3535
-287 3008
96 2369
224 1359
-32 576
111 -64
111 -576
111 -1074
-146 -1970
-146 -2481
-17 -2367
238 -2496
110 -2496
111 -2624
110 -2751
239 -2623
494 -2240
366 -2239
238 -1983
238 -1727
239 -1344
110 -1471
239 -1856
366 -1983
238 -2225
-18 -2240
110 -1969
-18 -1471
238 -447
224 79
-31 448
97 704
96 1088
97 1743
-32 2383
-32 2881
224 3137
224 3407
-32 3136
96 2625
225 2255
-31 1984
96 1089
225 207
-18 -192
111 -576
111 -1344
110 -1969
-18 -2495
239 -2367
239 -2367
238 -2751
238 -3007
239 -2880
366 -2752
111 -2624
366 -2496
110 -2239
239 -1856
367 -1344
111 -1585
-17 -2111
238 -2240
367 -2623
495 -2879
494 -2752
367 -2111
239 -1088
111 -561
-17 -306
-160 320
97 961
225 1472
97 2241
224 2625
224 2881
224 3136
96 3151
-32 2624
96 2113
224 1615
-32 846
-145 -64
110 -447
238 -704
111 -1088
110 -1969
-17 -2368
110 -2495
239 -2368
110 -2495
239 -2624
367 -2879
238 -2993
-17 -2624
111 -2368
110 -2495
238 -2240
111 -1856
111 -1841
-18 -2240
110 -2240
111 -2367
238 -2496
366 -2495
239 -1600
111 -562
-160 64
96 320
353 449
224 846
-160 1600
96 2369
225 2497
224 2895
-32 3406
-160 3136
97 2752
97 2496
353 2241
481 1729
225 705
225 193
239 -319
238 -960
367 -1599
239 -2097
-17 -2367
238 -2496
110 -2752
110 -2752
110 -2993
-17 -2609
-18 -2496
110 -2496
110 -2240
111 -1856
110 -1472
110 -1472
111 -2112
110 -2240
110 -2495
239 -2623
239 -2610
-146 -1969
-17 -1088
111 -64
96 576
352 577
224 1089
224 1615
-32 2382
-160 3137
224 3649
225 3521
224 3648
96 3137
224 2625
224 2368
96 1601
225 704
96 64
110 -191
238 -448
111 -1343
238 -2240
111 -2623
239 -2623
238 -2752
367 -2879
238 -3007
238 -3008
110 -2751
238 -2751
239 -2367
238 -1728
111 -1600
110 -1728
111 -2367
239 -2624
111 -2353
-17 -2624
111 -2624
110 -1969
-18 -945
-18 -448
367 -63
481 448
353 960
96 1600
97 2240
96 2625
225 3008
352 3392
97 3521
224 3393
225 3008
97 2241
225 1472
96 847
-32 320
367 -64
367 -576
366 -1471
239 -2111
238 -2240
111 -2111
238 -2495
239 -2880
110 -2993
-18 -2993
-17 -2624
110 -2495
239 -2111
239 -1585
-17 -1073
-18 -1471
238 -2239
239 -2111
239 -2112
111 -2368
366 -2495
239 -1600
111 -561
-32 65
224 320
96 590
-160 1088
96 1856
353 2497
224 3136
352 3137
224 3392
97 3776
97 3535
-32 2880
96 2624
97 1728
97 705
225 207
-18 -177
-18 -704
111 -1599
239 -2368
366 -2496
366 -2496
367 -2624
366 -2751
495 -2880
366 -3008
110 -2752
367 -2880
367 -2623
239 -2111
494 -1984
622 -1983
239 -2623
239 -2623
494 -2752
367 -3136
366 -3264
367 -2879
239 -1855
238 -1216
623 -1087
495 -832
366 -448
609 449
480 1088
609 1473
737 1472
353 1729
481 1728
865 1473
993 961
993 193
1007 -832
878 -1983
1006 -2752
1135 -3136
1391 -3903
1263 -4672
1391 -5439
1518 -6080
1646 -6335
1518 -6592
1647 -7232
1902 -7871
2030 -8383
2030 -8383
2286 -8639
2543 -9279
2798 -9663
2799 -9536
3182 -10175
3311 -11327
3566 -12224
3695 -13120
4206 -14271
4335 -15168
4718 -15296
4975 -15424
5231 -15424
5486 -16064
6254 -16576
6766 -17087
6894 -17856
7278 -18367
7662 -19135
8431 -20288
8815 -21568
9583 -23104
10095 -25151
10735 -27455
11502 -29888
12142 -32703
12780 -36031
13805 -38975
14573 -41791
15596 -44992
16492 -48832
17516 -52672
18797 -56128
20076 -59328
21101 -62784
22383 -66880
23662 -70847
25070 -74688
26478 -78783
27886 -83391
29679 -88127
31470 -92862
33391 -97341
35052 -102846
37229 -109118
39533 -115261
41709 -121917
44013 -129086
46446 -136382
49007 -143165
51695 -150077
54510 -157374
57708 -165309
60908 -174014
63852 -182976
67181 -192319
70638 -201919
74222 -212160
78191 -223040
82284 -234175
86508 -245952
90732 -258496
95087 -272189
99822 -286398
104813 -301118
109677 -316734
115310 -332990
120687 -348989
126445 -365887
132333 -383808
138607 -402752
145007 -421696
151661 -440896
158575 -461373
165614 -482237
173036 -503486
180591 -525885
188654 -548543
196844 -572096
204911 -596544
213615 -621887
222700 -647613
231662 -674494
241261 -702526
251246 -731326
261484 -761280
271727 -791871
282349 -823103
293614 -854974
305004 -887229
316398 -920255
328172 -954815
340463 -990271
353005 -1026366
365934 -1063614
379245 -1101629
392686 -1140672
406383 -1180735
420333 -1221694
434798 -1263550
449389 -1307199
464364 -1352127
479727 -1397310
495215 -1443901
511212 -1491648
527469 -1540159
543983 -1588797
560623 -1638462
577388 -1689280
594796 -1740991
612334 -1792701
629999 -1845053
647660 -1898175
665837 -1952063
684524 -2006462
703086 -2060991
721902 -2116543
740591 -2172478
759663 -2228797
778989 -2285375
798189 -2341951
817645 -2399549
837101 -2458176
856687 -2516799
876527 -2575678
896111 -2634557
916207 -2693183
935916 -2751934
955245 -2810174
974957 -2868032
994669 -2926655
1014253 -2984766
1033583 -3042623
1052910 -3099839
1072111 -3156542
1090926 -3212734
1109612 -3268543
1128173 -3323711
1146093 -3378494
1164143 -3433023
1181679 -3486783
1198575 -3539517
1215469 -3590973
1232109 -3641920
1248111 -3691328
1263726 -3739070
1278828 -3785406
1293422 -3830462
1307503 -3874368
1320812 -3915968
1333871 -3955517
1346028 -3993021
1357294 -4029118
1367916 -4062912
1378158 -4094656
1387372 -4124095
1396206 -4150975
1403885 -4175934
1410670 -4198077
1416686 -4217533
1422061 -4234814
1426284 -4250301
1429486 -4262589
1432046 -4272062
1433710 -4279229
1433839 -4282941
1433582 -4283069
1431790 -4279741
1429230 -4273085
1425647 -4264254
1420909 -4252222
1415021 -4236863
1407726 -4217535
1399534 -4195007
1390060 -4169663
1379823 -4140605
1368557 -4108349
1355759 -4073023
1341933 -4034368
1326957 -3992639
1310958 -3947198
1293679 -3898943
1275116 -3847360
1255532 -3792317
1234925 -3733565
1212911 -3671616
1190254 -3606462
1166188 -3537855
1140973 -3465791
1114860 -3390397
1087725 -3311423
1059567 -3229501
1030380 -3144384
1000301 -3056445
968943 -2965312
936557 -2871358
903535 -2774848
869740 -2675134
834670 -2572736
799085 -2467902
762734 -2361279
725487 -2252095
687341 -2140221
648684 -2026431
609519 -1910590
569454 -1792191
528877 -1671487
487661 -1549118
446060 -1425343
403949 -1300286
361324 -1173694
318317 -1045824
274796 -916414
230765 -786237
187117 -654912
142957 -523070
98412 -390590
53869 -257855
9196 -124851
-35616 8783
-80159 142285
-124703 274892
-168607 406734
-212383 538060
-256160 667981
-299296 794190
-341920 919628
-384413 1045965
-426270 1172303
-467998 1296973
-508958 1419855
-549150 1541708
-588960 1662028
-628127 1780430
-666525 1896653
-704542 2010703
-741920 2123341
-778527 2234063
-813853 2342349
-848672 2448206
-882846 2551372
-915871 2652366
-948126 2751052
-979615 2847694
-1010078 2941772
-1039519 3033295
-1067806 3121997
-1095198 3206991
-1121568 3288397
-1147167 3367117
-1171485 3442639
-1194526 3514957
-1216542 3583820
-1237918 3649614
-1257885 3711950
-1276830 3770957
-1294368 3825998
-1310879 3877582
-1326494 3925839
-1340701 3970253
-1353759 4011469
-1365789 4049359
-1376800 4084046
-1386653 4115407
-1395232 4142927
-1403165 4167628
-1409949 4189388
-1415071 4208077
-1419296 4223309
-1422622 4235084
-1424798 4244044
-1426333 4250061
-1426461 4253389
-1425437 4253133
-1423646 4250444
-1420958 4244813
-1417246 4236620
-1412768 4225358
-1407392 4210510
-1400989 4193231
-1393950 4173646
-1385887 4151502
-1377181 4126668
-1367709 4100301
-1357343 4072140
-1346206 4041807
-1334559 4009166
-1322398 3973965
-1309472 3937356
-1296031 3899084
-1281949 3858894
-1267359 3817423
-1252382 3773773
-1236766 3728717
-1220639 3682254
-1204384 3634254
-1187486 3584333
-1170205 3533516
-1152672 3481935
-1134880 3428943
-1116704 3374925
-1098269 3320527
-1079837 3265486
-1061021 3209420
-1042080 3152973
-1023007 3096527
-1004063 3039695
-984349 2982604
-965022 2924879
-945437 2867151
-925981 2809548
-906654 2751820
-886943 2693583
-867616 2635341
-848160 2577740
-828575 2520270
-809118 2462542
-789918 2404429
-770845 2346191
-751901 2288334
-733087 2231757
-714528 2174797
-695840 2118735
-677408 2064207
-659230 2010188
-641182 1956172
-623775 1902543
-606239 1850060
-588960 1798477
-571934 1747791
-555294 1697615
-538655 1648076
-522400 1599309
-506397 1551311
-490782 1503566
-475551 1456590
-460445 1410509
-445470 1365069
-430880 1320270
-416928 1275470
-402846 1232460
-389280 1192268
-375965 1151948
-362909 1112015
-350239 1073103
-337950 1035597
-325919 999117
-314397 962765
-302623 927950
-291486 894030
-280480 861263
-269854 829260
-259744 797773
-249630 767565
-240159 738765
-230941 710351
-221727 682190
-212638 654415
-204062 628044
-195743 602060
-187805 577228
-179872 553548
-172447 531405
-165406 510030
-158368 488526
-151200 468046
-144797 448463
-138525 429518
-132256 411468
-126368 393805
-120862 376908
-115616 360269
-110112 344396
-105120 328781
-100126 312910
-95646 298063
-91167 283855
-86816 269646
-82590 256078
-78750 243535
-74782 231759
-71200 220238
-67743 208588
-64415 197836
-61342 187980
-58270 178764
-55454 169548
-52639 161228
-49823 153292
-47263 145612
-44959 138189
-42525 131020
-40350 124749
-38173 118733
-36126 112716
-34205 105935
-32286 99918
-30624 94798
-28831 89294
-27295 84175
-25888 79438
-24479 75471
-23071 71886
-21664 68175
-20509 64463
-19486 61262
-18333 58575
-17182 55630
-16286 53070
-15261 50383
-14366 47950
-13470 45902
-12445 43215
-11805 40143
-11293 37327
-10781 34767
-10015 32206
-9376 29518
-8607 27343
-8479 25551
-7711 23503
-7456 21327
-6943 19663
-6431 18638
-6047 17615
-5663 16335
-5151 15055
-4895 14030
-4767 13519
-4383 12751
-3871 11983
-3871 11727
-3616 11342
-3231 10958
-3231 9934
-2976 8527
-2591 7631
-2335 6863
-2336 6478
-2463 6094
-2208 6478
-1951 6863
-1824 6735
-1824 6479
-1568 6734
-1439 6862
-1695 6862
-1440 6735
-1055 6606
-1183 6606
-1183 6607
-799 6351
-799 5839
-800 5199
-800 4430
-928 3407
-799 2255
-544 1615
-288 1615
-544 591
-530 -178
-402 -690
-401 -561
-273 -305
-274 -434
-402 -689
-530 -690
-402 -178
-159 207
-287 463
-287 719
-32 1359
-32 1615
-31 974
-160 591
-287 463
-288 79
-273 -306
-146 -178
-160 335
-32 1358
-160 1600
97 1487
-32 1615
-31 2254
-159 2496
96 2895
-32 3151
-32 3406
-160 3406
-160 3407
-288 2639
-287 2254
-160 1856
96 1103
-32 576
96 64
111 -306
-145 -561
-18 -1457
-18 -1714
-146 -1713
-17 -1329
-18 -1202
-146 -1202
-145 -1330
-145 -1074
-146 -946
-145 -818
-145 -561
-31 192
96 590
-145 -50
-145 -561
-18 -689
-17 -832
110 -946
-145 -817
-17 -320
96 335
-32 576
96 832
97 974
-160 1615
-32 2127
-31 2240
96 2624
96 2880
96 3406
-160 3150
-159 2255
-32 1600
97 1217
225 705
239 -319
239 -1073
-18 -1201
-18 -1472
111 -2368
111 -2609
-18 -2225
-17 -2112
110 -2226
-145 -2097
-17 -1855
238 -1728
110 -1215
238 -959
239 -576
111 -49
-32 320
111 -64
111 -576
111 -1088
111 -1344
110 -1727
494 -1727
239 -1088
111 -305
-32 64
96 64
96 321
224 576
352 1088
96 1871
-32 2127
-31 2510
-159 2753
225 3023
-31 2496
96 2112
97 1472
97 704
111 -49
-18 -704
110 -959
239 -1343
239 -2112
111 -2353
-17 -2097
-17 -2097
-17 -2112
111 -2368
111 -2112
111 -1841
-17 -1855
239 -1599
239 -1329
-17 -1074
-146 -689
-17 -561
-17 -1073
-17 -1329
-17 -1329
-17 -1586
-145 -1600
111 -1088
111 -319
224 335
-32 576
96 576
353 961
225 1743
-32 2127
-32 2382
-160 2624
97 2767
-32 2383
-32 2112
96 1601
225 1217
225 449
238 -447
238 -960
366 -1216
110 -1471
239 -1856
111 -2368
110 -2496
111 -2368
111 -2368
111 -2353
-17 -2367
238 -1728
111 -1344
110 -1215
238 -704
111 -306
-145 -49
-17 -305
-17 -832
111 -1073
-18 -1202
-145 -1600
110 -1727
239 -1343
239 -576
110 -191
239 -64
97 192
97 448
96 1088
96 1359
-31 1728
97 1985
224 2369
225 2496
97 1985
224 1857
225 1486
-159 718
-146 -178
-145 -818
-146 -704
110 -959
239 -1600
111 -2111
238 -2240
366 -1984
111 -2097
-17 -2112
110 -1970
-145 -1856
110 -1216
111 -1088
111 -1088
111 -561
-18 -447
238 -447
239 -1088
111 -1344
111 -1330
-145 -1585
-17 -1841
-17 -1074
-145 -50
-160 334
-160 335
-287 463
-31 960
96 1601
224 2368
96 2624
96 2880
97 3022
-160 2881
224 2369
224 1600
97 1216
97 704
111 -64
110 -703
238 -1215
238 -1472
111 -2097
-17 -2354
-145 -2111
238 -1984
110 -2240
110 -2226
-146 -1984
110 -1728
111 -1344
111 -1088
110 -704
110 -448
96 321
225 193
238 -447
239 -1088
110 -1201
-18 -1471
239 -1343
238 -960
111 -49
-32 576
96 576
96 591
-31 719
-31 1231
-32 1358
-159 1472
96 1857
224 2112
96 2368
97 1728
96 1600
96 1103
-32 846
-146 -177
-18 -960
366 -703
239 -1074
-146 -1714
-146 -2496
111 -2367
238 -1727
238 -1713
-18 -1984
111 -1855
238 -1215
238 -945
-18 -960
111 -831
238 -448
353 192
96 64
110 -689
-18 -703
238 -959
238 -1201
-17 -1585
-18 -1201
-17 -305
-32 321
225 192
97 705
224 1088
96 1856
96 2112
97 2255
-31 2496
96 2880
97 2753
225 2496
96 2383
-31 1984
97 1472
97 705
238 -191
239 -320
111 -1088
110 -1727
239 -2111
239 -2111
238 -1471
239 -1599
494 -1728
366 -1728
110 -1472
110 -945
-18 -448
110 -447
238 -447
225 449
225 448
111 -305
-18 -433
-18 -448
110 -959
239 -1087
238 -704
97 207
-31 719
-32 576
352 833
225 1231
-32 1600
96 2112
97 2255
-32 2639
-32 2895
-31 2753
225 2240
96 1600
97 1472
96 1088
97 462
-145 -50
-146 -434
-146 -945
-17 -1599
238 -1984
367 -1855
239 -1344
367 -1343
495 -1600
367 -1600
110 -1216
110 -704
111 -576
111 -576
96 65
224 591
-32 335
-17 -305
-18 -704
110 -960
110 -1215
238 -1215
238 -1216
111 -320
96 335
-32 576
96 576
97 975
-32 1615
-32 1857
224 2639
-32 2881
224 2881
224 3151
-32 2624
96 1857
480 1600
96 1359
-32 576
111 -64
110 -192
111 -305
-17 -832
111 -1600
111 -1841
-18 -1472
110 -1472
110 -1969
-18 -1713
-18 -1201
-18 -946
-146 -690
-146 -448
96 64
97 704
96 833
225 207
-17 -50
-146 -433
-18 -704
111 -1088
111 -575
225 448
352 833
224 847
-31 975
-32 1359
-32 1871
-32 2112
96 2639
-31 2752
97 3023
-31 3278
-160 2895
-31 2240
97 1985
224 1344
97 463
-17 -305
-273 -305
-17 -831
238 -1216
110 -1714
-145 -1842
-145 -1586
-146 -1471
238 -1728
366 -1471
238 -960
110 -689
-18 -433
-17 -320
97 192
97 718
-159 449
224 64
110 -448
111 -576
111 -817
-17 -817
-17 -320
96 320
352 832
353 719
-32 833
225 961
224 1345
225 1984
97 2241
225 2497
225 3008
97 3278
-160 2894
-160 2382
-160 2112
97 1473
224 576
97 207
-17 -305
-17 -576
110 -960
111 -1586
-145 -1599
239 -1343
239 -1343
239 -1343
238 -1472
111 -1088
110 -433
-32 79
-18 -177
-17 -64
97 704
97 975
-31 463
-18 -177
-17 -576
111 -832
111 -1073
-17 -1073
-18 -434
-159 463
-32 576
97 704
97 960
97 1216
96 1857
225 2240
352 2625
224 2624
97 2753
225 2496
96 2113
225 1985
224 1344
96 320
111 -320
111 -831
238 -1201
-17 -1600
111 -2112
111 -2112
110 -1728
111 -1600
111 -1841
-17 -1841
-18 -1471
239 -1087
239 -575
238 -703
239 -319
225 448
96 576
110 -192
110 -703
239 -575
239 -832
110 -1216
367 -1087
239 -306
-160 334
-160 335
-32 321
224 847
-32 1089
224 1857
225 1984
352 2113
480 2624
352 2625
224 2368
97 1742
-159 1486
-159 704
96 64
366 -448
367 -831
239 -831
239 -1343
238 -1984
111 -1856
111 -1600
367 -1599
495 -1855
238 -1984
111 -1344
110 -1201
-18 -960
111 -831
239 -576
367 -63
225 448
352 65
239 -576
366 -703
238 -959
238 -1216
367 -1344
366 -448
97 448
97 448
353 449
481 961
225 1216
97 1728
97 2240
97 2496
97 2496
97 2496
97 2496
97 1729
225 1473
225 1216
353 193
238 -448
367 -831
238 -960
110 -1215
239 -1599
238 -1984
110 -1983
238 -1728
367 -2111
239 -2111
239 -1599
239 -1087
238 -1215
239 -1073
-18 -945
-18 -192
97 449
224 65
239 -576
111 -831
238 -1216
110 -1216
111 -1088
111 -319
239 -63
225 192
96 576
352 832
352 1089
225 1729
225 1984
96 2368
97 2766
-159 2767
-32 2625
225 1728
96 1344
96 833
224 64
110 -433
-17 -561
-17 -1074
-146 -1457
-17 -2368
110 -2495
239 -1855
238 -1728
110 -1984
110 -1983
238 -1727
239 -1344
110 -945
-17 -1088
111 -305
-32 64
97 193
239 -320
111 -832
110 -959
239 -1344
111 -1599
239 -1344
366 -704
367 -63
225 192
353 192
96 577
224 1088
97 1472
97 1998
-160 2127
-32 2112
96 2369
224 2369
224 1857
224 1615
-32 1088
97 463
-18 -448
110 -703
238 -1216
110 -1713
-17 -2367
238 -2495
239 -2112
111 -1856
110 -1984
111 -2111
238 -1983
238 -1471
238 -960
367 -1087
239 -832
96 65
224 320
366 -192
366 -960
110 -1201
-18 -1458
-146 -1713
-18 -1728
110 -945
-18 -191
224 79
-31 462
-159 705
224 1089
225 1473
224 1601
224 2112
97 2241
224 2369
224 2383
-31 1729
224 1344
97 960
111 -64
111 -561
-18 -1216
366 -1215
494 -1728
111 -2368
366 -2751
239 -2624
367 -2367
239 -2368
366 -1983
239 -1856
367 -1600
367 -1087
238 -1216
367 -831
238 -192
96 321
238 -191
239 -817
-18 -945
-18 -1216
111 -1343
495 -1344
367 -817
-17 -64
97 193
480 321
224 576
352 847
-31 1231
-31 1472
96 1892
