110 -20672
111 -19263
238 -17600
111 -16704
111 -15424
111 -12849
-18 -9407
239 -4671
224 79
-32 2639
-31 4288
96 7247
-32 12096
96 16704
352 18752
97 19904
97 21454
-160 22592
97 22720
97 21953
224 20046
-159 18369
225 17345
225 15808
96 13889
225 10688
96 6464
96 1857
238 -1728
111 -4159
239 -6719
238 -10944
111 -16433
-17 -19776
111 -21056
110 -22208
111 -23872
111 -24896
110 -25024
110 -24000
111 -22321
-17 -21297
-17 -20031
238 -18623
239 -15679
238 -11455
239 -6207
238 -959
224 2368
97 4800
97 8128
96 13632
97 18880
352 21313
225 22479
-32 23872
97 25025
224 24911
-32 23616
96 21569
225 19136
97 17359
-31 15809
225 13263
-31 9664
96 5184
111 -64
111 -3903
238 -6079
238 -7871
238 -11697
-18 -16320
110 -19391
239 -20031
495 -20543
238 -21440
111 -22080
110 -21952
111 -20800
110 -19648
367 -18240
366 -17343
238 -16063
239 -13888
367 -10816
110 -6336
111 -1600
353 1216
353 2753
225 5327
-32 10063
-31 15040
97 17345
224 18241
225 19392
352 20801
225 21185
225 20672
353 19393
225 17615
-32 16463
-32 15183
-31 13505
224 10817
225 7104
96 2112
111 -1855
238 -4288
367 -6208
110 -10175
239 -15423
238 -19136
367 -20287
238 -21440
111 -23103
238 -24497
-18 -24497
-17 -23871
238 -22464
367 -21056
366 -20415
239 -18496
110 -16064
366 -12224
367 -7231
495 -2111
224 1601
225 3776
353 6592
96 11855
-31 17088
96 19777
224 20800
97 22209
225 23744
96 24143
-32 23360
97 21440
97 19137
224 17728
353 16064
352 14144
353 11201
224 6720
96 1600
111 -2624
110 -5041
-17 -7217
-17 -11071
239 -15936
110 -19648
111 -21055
238 -21951
239 -23104
366 -23999
494 -23744
366 -22975
495 -21567
239 -20288
111 -19264
111 -17728
111 -15680
110 -12224
367 -7487
238 -2752
97 705
225 2497
225 5057
225 9921
225 15040
96 17984
96 18752
353 20160
96 21825
224 22592
352 21825
225 20160
353 18369
225 16832
352 15680
353 14016
353 11457
225 7360
96 2369
238 -1713
-18 -4274
-145 -6193
-18 -9649
-17 -14911
239 -18993
-18 -20416
111 -21312
110 -22975
238 -24255
238 -24511
238 -23744
110 -22208
110 -20672
111 -20031
239 -18496
110 -16049
-18 -12480
111 -7729
-18 -2496
97 1216
97 3520
96 6208
96 10816
96 16705
225 19649
224 20800
97 21696
96 23104
97 24000
96 23360
96 21569
224 19521
224 17984
97 16320
97 14529
225 11712
96 7744
97 2752
111 -1856
110 -4544
366 -6336
111 -9792
366 -14783
238 -18624
366 -19903
239 -20800
111 -22080
110 -23232
111 -23616
111 -22848
111 -21568
110 -20159
238 -19392
366 -18368
367 -16192
366 -12480
366 -7616
110 -2496
96 1088
97 3265
224 5441
225 9679
-31 15055
-32 18240
97 19392
96 20815
-288 22863
-31 23232
353 22721
224 21327
-31 19392
97 18113
225 16847
-31 15310
-159 12736
96 8769
225 3791
-18 -704
110 -3505
-18 -5297
-17 -8256
111 -13361
-18 -17585
-18 -19377
-17 -20544
110 -21696
111 -23104
111 -23616
110 -22705
-17 -21311
239 -20273
-18 -19392
111 -17983
238 -15808
367 -12608
110 -8128
111 -2880
96 1088
97 3534
-160 5966
-159 10433
225 16064
97 19393
225 20673
224 22080
97 23502
-159 23744
96 23361
224 21838
-159 19649
225 18112
353 16832
97 15041
225 12225
224 8256
97 3279
-17 -1330
-145 -4416
110 -6066
-145 -9024
111 -14400
111 -18481
-18 -20160
110 -20672
111 -22065
-18 -23217
-17 -23601
-18 -22976
111 -21823
238 -20415
239 -19520
110 -18112
110 -16063
238 -12991
238 -8383
239 -3392
352 576
97 3009
224 5185
225 9409
224 14912
96 18497
225 19904
97 20928
97 22223
-32 23118
-160 23105
225 21441
224 19521
225 18112
353 16832
353 15040
96 12353
224 8513
480 3905
239 -817
-18 -4032
111 -5952
366 -8639
238 -13759
238 -18368
111 -20799
238 -21425
-18 -22449
-17 -24127
239 -24639
238 -24256
111 -23104
111 -21823
238 -20928
367 -19519
239 -17471
239 -14144
110 -9664
110 -4543
238 -447
225 2241
225 4288
352 8513
480 14144
352 17985
224 19520
96 20815
-31 22208
96 23118
-159 22735
-31 21440
96 19520
96 17728
353 16576
97 14799
-31 12224
97 8399
-32 3648
111 -832
367 -4159
239 -6207
238 -9137
-18 -14001
-18 -18624
111 -20800
367 -21568
110 -22464
367 -23871
238 -24241
-17 -23871
238 -22719
239 -21567
239 -20543
238 -19135
238 -17329
-18 -14015
238 -9919
239 -4672
111 -831
224 1601
224 3905
224 8001
224 13632
97 17345
224 18753
480 20032
97 21440
97 22464
97 21952
96 20801
225 18880
97 17088
97 15808
96 14401
224 11841
225 8385
225 3521
238 -1472
111 -4415
238 -6335
239 -8767
238 -13759
239 -18496
367 -20800
111 -21568
111 -22848
110 -24255
238 -24768
366 -24255
238 -23231
239 -22080
110 -21184
111 -20018
-146 -18112
110 -14784
111 -10559
238 -5312
367 -831
225 1728
96 3905
224 7745
225 13263
-32 17472
96 19264
96 20544
97 22223
-32 23104
96 22848
352 21568
353 19905
225 18368
352 16960
352 15168
352 12865
224 9280
96 4673
238 -177
-17 -3647
239 -5440
367 -8255
238 -12992
111 -17727
238 -20416
110 -21169
-17 -22335
239 -23872
366 -24256
110 -23985
-18 -22976
111 -21567
239 -20543
239 -19520
110 -17600
366 -14528
111 -10304
111 -5425
-17 -832
97 1999
-32 4161
225 7616
352 13120
353 17600
96 19008
353 19904
352 21569
224 22863
-31 22720
97 21440
97 19648
96 17729
224 16448
96 14912
97 12736
97 9167
-32 4672
110 -447
239 -3648
366 -5823
239 -8242
-146 -12721
-18 -17585
-18 -20159
238 -21184
111 -22336
110 -23744
110 -24255
239 -23871
495 -22848
366 -21696
366 -20672
111 -19505
-17 -17472
366 -14271
239 -10304
111 -5440
111 -576
97 1999
-31 4047
-32 7503
-288 13135
-31 17601
225 19393
224 20289
225 21953
224 23104
97 23247
-32 22080
96 20288
96 18766
-160 17743
-32 15695
-32 13376
97 9921
225 5312
96 577
238 -3008
110 -5312
111 -7744
110 -12223
239 -17216
367 -20031
238 -20928
111 -22079
238 -23744
111 -24369
-17 -24128
110 -23231
238 -21695
238 -20671
239 -19519
239 -17983
239 -15167
239 -11071
239 -6207
238 -1471
224 1345
480 3392
352 6721
225 12225
224 16961
224 19008
97 20161
225 21440
97 22720
97 22465
224 21569
225 19905
225 18369
225 16832
352 15168
352 12864
96 9536
97 5056
352 320
366 -3520
366 -5568
367 -7743
239 -12096
367 -17472
110 -20672
110 -21696
367 -22592
110 -23730
-146 -24497
-17 -24640
111 -23872
111 -22321
-17 -21056
111 -19776
111 -18752
110 -15807
238 -11711
239 -6464
110 -1472
97 1472
97 3279
-32 6720
97 12225
224 16961
225 19137
224 20288
353 21952
353 23233
224 23361
224 22336
96 20288
97 18127
-32 16975
-32 15425
225 13248
97 9665
225 5056
97 207
-18 -3264
111 -5696
110 -7871
239 -12096
111 -17457
-17 -20544
111 -21823
238 -22463
239 -23857
-18 -24512
111 -24384
110 -23488
110 -22207
239 -20800
366 -19647
238 -18111
238 -15551
239 -11583
238 -6592
367 -1600
96 1601
225 3521
224 6464
97 11712
97 16576
96 19009
225 20161
225 21185
225 22465
225 22721
225 21952
352 20289
225 18368
97 16833
224 15439
-31 13505
225 10176
96 5697
224 1089
239 -2880
366 -5568
367 -7487
238 -11185
-18 -16319
239 -19776
366 -20928
111 -22065
-18 -23488
111 -24383
238 -24256
366 -23487
238 -21952
111 -20800
110 -19648
367 -18240
367 -15936
111 -11840
111 -6720
367 -1855
225 1472
96 3393
224 6209
224 11840
96 17217
224 19520
97 20416
97 22223
-32 23616
97 24001
225 22991
-32 21057
224 19008
96 17728
96 16193
224 14144
97 10945
225 6593
224 1600
110 -2240
110 -4800
367 -6976
366 -10687
239 -15936
110 -19648
110 -20927
238 -21951
239 -23345
-17 -24369
-18 -24255
238 -23487
239 -22080
111 -20800
111 -19520
110 -18112
367 -15679
238 -11712
110 -6848
111 -1856
96 1359
-31 3776
96 6464
96 11585
225 16833
225 19136
96 20032
352 21312
352 22849
225 22976
352 22080
352 20545
225 18369
480 16704
352 15425
480 13376
352 10304
353 6081
225 704
367 -3391
495 -5696
367 -7743
495 -11584
622 -16832
623 -20543
494 -21951
494 -22720
622 -24256
366 -25280
622 -25279
750 -24511
494 -23488
878 -22463
750 -21439
750 -20416
878 -18112
1134 -14527
1006 -9664
1134 -4799
1263 -1344
1377 449
1249 2753
1248 7744
1376 12864
1376 14912
1633 15808
1888 16960
1889 17856
1888 17984
2145 17089
2529 15040
2656 12608
2656 10560
2656 8768
2912 6209
3297 2753
3566 -2240
3950 -8128
4206 -12991
4335 -16191
4590 -18880
4718 -23744
4974 -29887
5357 -34880
5997 -37440
6508 -39359
6893 -42047
7149 -44608
7789 -46144
8301 -46656
8813 -46912
9324 -47296
10092 -48063
10733 -48447
11500 -48063
12013 -46655
13036 -43712
13932 -41152
14700 -40127
15597 -40768
16492 -40896
17261 -38975
18412 -36800
19564 -37311
20973 -39488
22125 -41791
23532 -43967
25069 -47423
26604 -52671
28140 -58816
29806 -65727
31471 -72253
33263 -78910
35182 -86206
37487 -95038
39533 -105277
41708 -116669
44012 -127933
46318 -137662
49007 -147006
51567 -158013
54509 -171326
57452 -183998
60525 -194622
63854 -204736
67183 -215872
70767 -227135
74221 -237632
77933 -247871
82157 -258112
86382 -268991
90607 -280639
95214 -292286
99948 -303805
104940 -314302
110188 -324285
115182 -334526
120686 -346814
126317 -361279
132332 -376255
138733 -389440
144750 -402624
151407 -418623
158444 -437437
165613 -456509
172782 -476605
180461 -498237
188397 -521790
196462 -547264
204908 -573888
213615 -600640
222829 -628285
231918 -656830
241263 -687677
251116 -720574
261228 -754880
271470 -789696
282221 -823871
293358 -857789
304876 -894142
316271 -933184
328301 -972351
340462 -1009855
353005 -1047613
365804 -1086654
379247 -1126461
392684 -1166271
406254 -1205952
420462 -1246141
434924 -1287357
449518 -1329599
464364 -1372351
479724 -1415102
495471 -1457470
511341 -1499712
527213 -1541952
544111 -1586493
560621 -1633597
577516 -1681343
594671 -1727295
612078 -1773502
629868 -1822654
647788 -1874368
665967 -1926975
684526 -1979837
702959 -2033984
721773 -2089791
740588 -2147262
759661 -2205757
779245 -2264383
798447 -2323008
817774 -2382782
837486 -2443455
857071 -2505792
876655 -2569021
896238 -2632381
915951 -2694207
935663 -2755133
955372 -2816702
974956 -2880192
994669 -2943295
1014253 -3003453
1033452 -3061952
1052781 -3121216
1071981 -3179838
1090670 -3237053
1109486 -3292863
1127663 -3347264
1145964 -3400893
1164013 -3453760
1181550 -3505599
1198831 -3555646
1215597 -3603517
1232108 -3648960
1248111 -3692607
1263598 -3735998
1278828 -3779518
1293423 -3821630
1307245 -3860032
1320559 -3895616
1333101 -3931709
1345516 -3968445
1357039 -4002877
1368045 -4035135
1378031 -4065855
1387246 -4095680
1395821 -4124223
1403631 -4151358
1410669 -4175677
1416687 -4196925
1421806 -4215997
1426157 -4233533
1429484 -4249277
1432047 -4263486
1433455 -4274750
1433966 -4281534
1433198 -4284094
1431663 -4284734
1428846 -4284350
1425262 -4280254
1420399 -4270398
1414509 -4256063
1407725 -4238912
1399663 -4218431
1390316 -4193984
1379692 -4164798
1368174 -4131518
1355630 -4094911
1341677 -4055360
1326702 -4011709
1310703 -3964222
1293421 -3911744
1274988 -3854784
1255276 -3794109
1234668 -3730621
1213165 -3665471
1190125 -3597374
1165932 -3524032
1141100 -3446207
1114862 -3366846
1087599 -3286592
1059437 -3203390
1030253 -3116864
1000047 -3028030
969069 -2937663
936687 -2844990
903789 -2750272
869743 -2652478
834924 -2551999
799470 -2449086
762732 -2344640
725358 -2238912
687468 -2131646
648812 -2022336
609391 -1909566
569454 -1793728
528749 -1676352
487532 -1559486
446060 -1440960
403823 -1318462
361327 -1192765
318447 -1066304
275055 -939070
231535 -809790
187503 -678463
143087 -545597
98798 -412094
54382 -278208
9583 -143411
-34834 -7602
-79261 129229
-123679 266700
-167839 404687
-211488 540749
-255008 673357
-298527 801742
-341407 931789
-383776 1064782
-425631 1194703
-466976 1320780
-508063 1445327
-548381 1568460
-588189 1689293
-627485 1807055
-666144 1922124
-703904 2034510
-741022 2144845
-777759 2253774
-813471 2360525
-848414 2464590
-882336 2564685
-915742 2661198
-947871 2756045
-979231 2849742
-1009566 2941517
-1039135 3029711
-1067552 3112524
-1094813 3192527
-1121310 3271502
-1146528 3348813
-1170975 3422671
-1194272 3492941
-1216544 3560781
-1237535 3626190
-1257375 3688910
-1276319 3748556
-1293727 3804364
-1310365 3857102
-1325726 3907406
-1340064 3955277
-1353247 4001228
-1365406 4044878
-1376415 4084430
-1386397 4119246
-1394847 4150222
-1402526 4179789
-1409056 4207436
-1414557 4230349
-1418781 4247501
-1421856 4261196
-1424287 4271821
-1425695 4278476
-1425823 4281036
-1425056 4279628
-1423264 4273996
-1420704 4266061
-1416989 4255436
-1412510 4241999
-1407263 4225231
-1400864 4204366
-1393822 4180047
-1385759 4153295
-1376797 4125901
-1367325 4097485
-1357087 4066252
-1345950 4031054
-1334174 3993678
-1322400 3956557
-1309469 3919053
-1295903 3879372
-1281694 3837518
-1267101 3794638
-1251999 3751116
-1236637 3706572
-1220510 3660878
-1203871 3613646
-1187231 3565517
-1170206 3517005
-1152797 3468495
-1134879 3420367
-1116703 3372493
-1098269 3322831
-1079581 3270862
-1060768 3217741
-1041952 3165516
-1022878 3114575
-1003805 3061966
-984477 3006157
-964895 2949583
-945439 2893263
-925983 2836429
-906528 2778444
-886943 2719183
-867357 2658764
-847773 2598860
-828574 2539598
-809118 2480462
-789917 2420685
-770847 2360014
-751775 2298575
-732704 2237004
-714143 2177228
-695712 2119503
-677407 2061774
-659358 2002252
-641438 1943117
-623645 1886671
-605981 1832396
-588960 1778765
-571936 1725519
-555037 1673934
-538525 1623757
-522272 1575244
-506528 1528143
-490526 1481550
-475294 1435726
-460447 1391820
-445598 1350221
-430878 1310542
-416671 1271758
-402846 1234253
-389152 1196876
-375966 1159500
-362911 1124047
-350238 1091406
-337824 1058124
-325789 1023181
-313888 988236
-302494 954447
-291360 921166
-280477 888015
-269855 854220
-259742 820557
-249631 788173
-239902 757325
-230687 726990
-221342 696910
-212383 666319
-204062 635468
-196256 605261
-187933 576972
-179872 551245
-172319 526029
-165149 499151
-158239 472783
-151325 449231
-144925 428238
-138655 408014
-132509 388044
-126621 369357
-120864 352589
-115487 337100
-110237 322509
-104989 308428
-100254 294990
-95648 282447
-91168 271694
-86943 262606
-82589 254927
-78622 247375
-75037 238286
-71327 228559
-67872 220749
-64543 215757
-61471 210124
-58271 202189
-55326 193868
-52637 186572
-50078 179788
-47517 171724
-44960 162892
-42399 154316
-40352 145740
-38304 138316
-36254 130636
-34206 122190
-32158 113230
-30621 103630
-29087 93903
-27424 85327
-25888 78159
-24607 71631
-23069 62927
-22046 53583
-20766 46670
-19614 41806
-18078 37199
-17184 32334
-16031 28367
-14880 25422
-14240 23631
-13600 22095
-12831 20430
-12191 19151
-11552 18511
-10784 19279
-10015 21198
-9119 24271
-8735 27086
-8607 28366
-7839 28879
-7200 30799
-6941 35022
-6557 38351
-5917 39118
-5533 38862
-5278 39247
-4893 39375
-4638 38735
-4382 36687
-4125 33743
-3872 30799
-3871 28623
-3360 26190
-3231 23502
-2976 19534
-2975 14287
-2847 8655
-2335 4303
-2079 1743
-2321 -562
-2193 -4913
-2065 -10289
-1809 -13617
-1553 -14386
-1681 -15666
-1426 -17329
-1042 -18098
-1170 -18097
-1042 -17330
-913 -15921
-1041 -15153
-785 -14385
-786 -13234
-914 -10930
-658 -7090
-658 -2481
-800 2126
-928 4942
-928 6734
-415 9679
-288 14671
-288 19278
-415 21454
-159 22479
-288 23886
-159 25295
-288 25423
-543 24270
-160 22351
-31 20174
-160 19022
-160 17487
-288 15183
-288 11840
96 7488
96 2639
-273 -1074
-146 -3250
-146 -5298
-145 -9265
-18 -14257
-18 -17600
111 -18738
-146 -19633
-17 -21297
-18 -22450
-146 -22449
-273 -21809
-17 -20786
-146 -19633
-18 -18610
-146 -17330
-146 -14769
-17 -10801
-17 -5696
111 -817
-31 2255
-32 4686
-159 7631
-31 12992
97 18368
352 20800
96 22094
-160 23118
-160 24398
-160 24655
-288 23375
-287 21454
-160 19790
-160 17999
-31 16078
-159 14031
-31 10959
-32 6222
-159 1230
-145 -2865
-18 -5056
110 -6577
-17 -10289
-17 -15409
-18 -18609
-18 -19633
-18 -20657
-18 -22194
-145 -23104
111 -23089
-17 -22066
-145 -20543
239 -19519
239 -18495
238 -17343
239 -14912
110 -10944
110 -6065
-17 -1073
-32 2112
97 4047
-32 6991
-32 12111
-32 17231
-31 19648
97 20943
-32 22350
-159 23502
-159 23759
-288 23119
-32 21568
96 19776
96 18766
-159 17359
-31 15567
-32 12353
225 8128
96 3649
238 -448
111 -2880
111 -4913
-17 -8497
-18 -13759
238 -17344
110 -19135
238 -20159
238 -21440
110 -22464
111 -22577
-17 -22080
110 -20657
-17 -19505
-17 -18496
110 -17073
-17 -14642
-145 -10560
111 -5681
-17 -831
224 2881
225 5056
97 7887
-31 13007
-32 17999
-31 20687
-32 21824
96 23104
352 24385
224 24640
96 23872
97 22223
-32 20047
-32 18497
224 16974
-159 14799
-32 11854
-159 7616
97 2241
238 -1713
-18 -4544
111 -6464
110 -9920
111 -15168
111 -19008
111 -20288
110 -21169
-17 -22592
111 -23872
110 -23729
-18 -22464
111 -21041
-17 -19505
-17 -18481
-17 -17457
-18 -15025
-18 -11456
110 -6848
110 -1728
96 1856
96 3648
96 6223
-32 11087
-32 16192
96 19265
225 20416
352 21568
96 22862
-160 23616
96 22849
225 21184
97 19136
97 18127
-31 16832
96 14912
96 12096
97 7872
96 2881
239 -1599
494 -4287
239 -6193
-18 -9152
111 -14385
-18 -18609
-17 -20530
-146 -21440
111 -22577
-17 -23601
-18 -23986
-145 -23616
110 -22208
110 -20928
110 -19889
-17 -18738
-145 -16690
-145 -12849
-17 -7985
-17 -2624
97 1216
352 3136
96 5455
-32 10319
-32 15680
97 18624
97 19904
352 21313
224 22849
224 23375
-32 22607
-32 21057
225 19136
97 17345
225 16065
225 14543
-31 11456
97 7360
97 2255
-18 -2496
110 -5056
111 -6976
111 -10033
-18 -15295
238 -19633
-17 -21041
-18 -21696
110 -22961
-17 -24370
-145 -24383
239 -23871
238 -22463
238 -20927
239 -20031
238 -18623
239 -16447
239 -12863
239 -7999
239 -2879
225 704
97 2753
225 5312
352 9793
225 15297
225 18624
96 19776
353 21441
224 22849
224 23360
96 22607
-32 21313
224 19777
481 18113
225 16591
-31 14784
97 11968
96 8000
97 3008
111 -1344
110 -4032
111 -5951
238 -9152
111 -14144
111 -18496
111 -20543
238 -21440
111 -22848
111 -24127
239 -24625
-274 -23986
-146 -22450
-146 -21426
-145 -20529
-17 -19008
110 -16817
-18 -13247
239 -8753
-17 -3648
97 448
96 2625
225 5057
225 9408
352 14912
353 18368
96 20047
-32 21056
96 22592
353 23233
224 22863
-32 21312
97 19392
96 17728
96 16448
352 14657
224 11841
225 7872
97 3008
367 -1343
238 -4032
110 -6336
111 -9280
367 -14400
366 -18879
238 -20671
239 -21568
367 -22592
111 -23601
-17 -24127
238 -23487
238 -22208
110 -20928
367 -19776
110 -18624
111 -16703
238 -12992
110 -8640
366 -3263
225 705
225 3009
225 5312
97 9664
97 15296
353 18880
352 20288
96 21056
97 22976
96 23887
-31 23502
-160 22094
-160 20033
224 18496
97 17088
97 15552
97 13249
224 9536
96 4672
96 79
-17 -2880
111 -4928
111 -8000
111 -12849
-17 -17472
111 -19520
111 -20273
-17 -21823
238 -23231
238 -23487
239 -23103
239 -22080
367 -20799
239 -20031
239 -18751
238 -16831
238 -13504
367 -9024
111 -3647
225 449
224 2895
-31 5312
97 9423
-32 14912
96 18752
97 20416
96 21569
225 23233
224 23872
353 23247
-31 21967
-31 20160
97 18624
97 17344
97 15552
353 12737
225 8655
-32 3649
238 -960
111 -3889
-18 -5553
-18 -8640
110 -13504
366 -18112
366 -20160
110 -21183
238 -22720
366 -24000
111 -24384
111 -23871
238 -22464
111 -20800
111 -20032
110 -18879
238 -16832
110 -13504
110 -9151
239 -3647
225 449
225 3264
97 5312
97 9152
353 15040
97 18895
-32 20544
353 21441
225 22976
96 24384
96 24128
97 22720
96 20559
-31 18880
96 17743
-32 15951
-31 13504
353 9664
352 4929
224 576
110 -3007
238 -5055
238 -7615
238 -12224
111 -16960
111 -19264
367 -20287
238 -21696
111 -23089
-18 -23232
111 -22848
110 -21937
-18 -20672
110 -19633
-18 -18368
111 -16448
110 -13247
239 -9024
110 -4031
224 320
97 3008
96 4929
225 8911
-31 14529
225 18624
97 20175
-31 21440
97 23232
96 23887
-32 23872
97 22464
97 20673
225 18881
224 17729
224 16193
224 13632
97 9935
-31 5056
97 193
238 -3249
-17 -5169
-17 -7730
-145 -12337
-17 -17472
110 -19634
-145 -20544
111 -21568
111 -22848
366 -23744
367 -23104
111 -22066
-146 -20401
-17 -19776
110 -18623
239 -16704
110 -13760
111 -9265
-274 -4017
-31 192
96 2881
225 4800
97 8911
-31 14542
-160 18766
-159 20431
-32 21824
97 23489
225 24256
97 24000
97 22976
353 21184
352 19265
225 17871
-31 16591
-32 14145
224 10305
225 5825
225 961
238 -2495
239 -4657
-18 -7089
-18 -11455
239 -16192
366 -18879
239 -20031
239 -21312
111 -22848
366 -23488
366 -22976
110 -21952
111 -20800
110 -19647
238 -18624
367 -16703
239 -13631
239 -9521
-18 -4544
97 192
97 3264
97 5056
96 8512
97 14287
-31 18895
-32 20558
-160 21825
224 23631
-32 24654
-160 24640
96 23104
96 21056
97 19392
97 17856
97 16320
96 14145
224 10561
224 5953
225 960
110 -2752
111 -4928
110 -6848
111 -11327
239 -16448
367 -19264
111 -20529
-17 -21312
111 -22592
110 -23488
367 -23360
111 -22079
238 -20927
239 -20032
111 -19007
239 -17216
366 -14015
238 -9920
111 -4927
238 -192
353 2497
224 4673
225 7873
225 13504
352 18240
353 20161
224 21312
97 22721
225 24001
225 24001
225 22977
225 20928
97 19136
96 17999
-31 16576
96 14159
-31 10703
-32 6208
96 1088
110 -2496
111 -4927
238 -7103
238 -11185
-18 -16319
238 -19377
-17 -20544
111 -21312
111 -22847
239 -23616
111 -23360
110 -22463
239 -21312
111 -20031
238 -18623
239 -17216
110 -14528
111 -10289
-17 -5184
110 -192
97 2753
225 4544
96 7744
353 13249
224 17985
224 20033
224 21056
96 22337
225 23745
224 23887
-32 22848
96 21057
225 19392
97 17856
96 16449
224 14144
97 10688
96 6479
-31 1472
111 -2111
238 -4543
238 -6848
110 -10944
110 -16320
110 -19392
110 -20401
-17 -21568
111 -23104
111 -23871
238 -23744
111 -22578
-145 -21311
239 -20031
239 -19007
238 -17344
367 -14911
239 -11072
110 -5824
110 -960
97 2240
97 4288
97 7375
-32 12864
353 17857
225 20160
97 21440
96 22849
224 24128
352 24641
225 23745
225 21440
353 19648
353 18112
97 16576
96 14656
97 11456
97 6849
224 2127
-17 -1856
110 -4017
-18 -6336
111 -10559
238 -15552
111 -18737
-18 -20145
-18 -21183
239 -22592
110 -23231
239 -23103
239 -22335
238 -20672
111 -19761
-18 -18865
-17 -17472
110 -15040
110 -11200
110 -6080
110 -1457
-31 2240
96 4160
97 7105
225 12480
352 17472
353 19662
-159 20673
225 22209
224 23873
224 24128
96 23360
96 21568
96 19520
97 18127
-32 16705
225 14785
224 11585
224 7233
224 2368
110 -1727
239 -4145
-18 -6592
110 -10432
110 -15537
-18 -19121
-17 -20273
-17 -21056
110 -22463
239 -23615
239 -23616
111 -22848
111 -21297
-17 -20032
111 -18993
-17 -17472
110 -15025
-17 -11313
-18 -6336
111 -1585
-31 1999
-32 4175
-31 7105
225 12224
97 17344
97 19919
-32 21057
224 22593
225 24015
-31 24256
97 23503
-32 21825
225 19905
224 18241
224 16719
-31 14784
352 11584
353 7360
96 2368
110 -1727
238 -4543
238 -6592
366 -10176
111 -15409
-18 -19136
110 -20672
110 -21440
110 -22720
110 -23729
-18 -23798
