96 590
-160 591
-31 961
224 833
224 335
-17 -49
-17 -49
-17 -305
-18 -689
-18 -945
-18 -959
238 -1216
111 -1344
111 -1600
111 -1073
-17 -832
111 -832
366 -945
-17 -562
-146 -434
-145 -320
110 -433
-18 -448
111 -64
111 -50
-159 462
-160 590
-159 719
-287 975
-31 961
224 1102
-159 1486
-159 1486
-159 1230
-160 847
-32 833
224 832
96 1103
-31 975
-32 832
97 704
97 718
-159 462
-160 78
-160 79
-32 79
-17 -561
-17 -562
-146 -689
-273 -818
-146 -946
-146 -1216
111 -1073
-17 -818
-401 -562
-146 -960
111 -1073
-17 -1088
111 -562
-146 -434
-146 -433
-17 -50
-159 206
-160 64
96 334
-160 576
97 719
-32 832
96 846
-159 960
97 960
96 846
-159 960
97 448
96 832
97 960
97 719
-31 719
-32 591
-32 591
-31 463
-31 192
96 78
-145 -49
-274 -434
-145 -561
-18 -689
-18 -945
-17 -1073
-17 -1329
-17 -1600
111 -1344
110 -960
110 -689
-18 -704
110 -704
111 -561
-18 -433
-17 -305
-17 -319
238 -177
-17 -49
-32 335
-31 463
-32 832
96 1103
-32 1359
-31 1472
97 1216
97 1231
-32 1614
-159 1486
-159 961
225 705
224 847
-31 974
-159 975
-288 846
-159 719
-31 463
-287 463
-32 320
96 79
-18 -177
-18 -433
-18 -690
-146 -689
-274 -690
-145 -817
-274 -946
-145 -1073
-18 -960
111 -561
-17 -817
-274 -945
-17 -818
-146 -433
-273 -320
110 -192
111 -64
96 65
224 320
97 449
224 591
-32 1103
-32 1103
-31 975
-288 1103
-31 1216
96 1344
96 1358
-159 974
-160 1103
-31 1230
-160 1358
-160 1344
97 1231
-31 975
-31 960
97 719
-31 463
-32 335
-32 79
-32 79
-18 -178
-401 -305
-273 -561
-17 -561
-17 -832
110 -704
110 -689
-18 -434
-145 -561
-274 -690
-145 -562
-146 -178
-146 -192
110 -447
239 -306
-160 79
-31 192
96 591
-32 846
-159 718
-159 975
-288 1102
-159 1216
96 1088
96 1103
-31 960
96 591
-32 576
97 961
225 960
97 718
-160 591
-32 335
-32 64
97 193
224 65
238 -177
-17 -306
-145 -576
111 -832
111 -817
-17 -832
110 -1201
-17 -1329
-17 -1344
110 -1215
238 -945
-18 -960
111 -1073
-18 -945
-274 -689
-17 -817
-18 -434
-145 -305
-18 -192
96 79
-31 207
-31 448
97 961
225 961
225 960
97 719
-31 719
-31 975
-31 975
-31 719
-32 590
-159 718
-160 847
-31 704
97 448
96 320
97 448
96 320
97 193
239 -320
110 -704
110 -703
238 -959
238 -1216
110 -1201
-17 -1330
-146 -1714
-146 -1728
111 -1329
-17 -817
-17 -1087
238 -1215
239 -1329
-18 -960
111 -1073
-17 -832
111 -832
111 -575
239 -320
96 79
-32 79
-32 335
-31 463
-32 335
-31 192
96 576
97 961
225 704
352 577
224 321
225 449
224 591
-32 591
-31 704
96 576
96 320
96 64
110 -177
-17 -305
-17 -576
111 -832
110 -945
-17 -1073
-18 -1216
110 -1457
-17 -1585
-18 -1714
-145 -1329
-273 -818
-402 -1201
-17 -1329
-17 -1088
111 -1344
110 -960
111 -817
-17 -818
-146 -690
-146 -177
-32 78
-160 79
-31 192
97 207
-31 206
-159 463
-31 719
-32 590
-159 463
-17 -50
-145 -50
-159 463
-288 591
-288 334
-159 207
-32 79
-18 -192
111 -305
-18 -433
-17 -576
111 -817
-18 -946
-145 -1344
110 -1202
-146 -1458
-145 -1600
111 -1841
-18 -1728
110 -1728
110 -1471
238 -1457
-17 -1600
110 -1471
238 -959
239 -561
-18 -689
-18 -703
238 -447
238 -177
-17 -50
-145 -50
-160 79
-32 576
96 335
-31 207
-31 448
97 448
96 320
97 192
352 64
111 -64
96 79
-17 -50
-146 -178
-146 -177
-18 -448
111 -576
110 -945
-18 -945
-18 -1202
-146 -1457
-17 -1600
110 -1713
-18 -1714
-146 -1970
-146 -2240
110 -2225
-18 -1984
111 -1855
238 -1983
238 -1969
-18 -1728
111 -1600
110 -1714
-145 -1585
-18 -1472
111 -1074
-145 -832
111 -576
111 -576
110 -433
-17 -306
-146 -433
-18 -177
-32 79
-17 -64
111 -64
111 -319
239 -576
110 -433
-17 -320
111 -575
238 -448
110 -433
-18 -433
-17 -832
110 -960
111 -831
239 -1343
239 -1585
-17 -1586
-145 -1842
-145 -1842
-145 -1841
-17 -2112
111 -2111
238 -1984
111 -1586
-145 -1841
-17 -2097
-18 -1984
111 -1856
366 -1728
367 -1599
238 -1713
-18 -1215
238 -1215
238 -1216
111 -817
-18 -704
110 -434
-146 -434
-145 -306
-146 -192
111 -63
238 -191
239 -576
367 -832
110 -703
238 -448
111 -319
239 -305
-17 -818
-145 -817
-17 -832
111 -1088
111 -1330
-146 -1458
-145 -1330
-146 -1713
-17 -2097
-17 -2112
110 -1969
-17 -2098
-146 -2482
-146 -2225
-18 -1727
239 -1329
-17 -1856
110 -1728
110 -1457
-18 -1457
-17 -1330
-146 -1202
-146 -946
-145 -817
-18 -448
110 -448
111 -49
-32 78
-160 79
-32 78
-159 207
-288 335
-31 449
225 207
-32 64
97 192
96 65
238 -192
110 -191
239 -49
-17 -63
238 -447
238 -703
238 -704
367 -831
238 -959
238 -1216
111 -1344
111 -1600
110 -1713
-18 -1983
238 -2240
366 -1983
239 -1600
110 -1728
111 -1585
-18 -1713
-273 -1585
-18 -1472
110 -1457
-17 -1074
-145 -832
110 -448
111 -576
367 -319
239 -63
239 -64
111 -50
-145 -49
-31 206
-159 462
-159 463
-32 335
-17 -49
-31 207
-32 79
-32 78
-146 -178
-146 -448
111 -319
239 -319
239 -305
-17 -561
-18 -704
110 -1216
111 -1344
111 -1074
-145 -1329
-18 -1728
110 -1713
-17 -1842
-145 -1585
-17 -1344
110 -1216
111 -1330
-145 -1329
-18 -1202
-146 -1202
-146 -960
110 -960
367 -831
239 -576
110 -177
-32 320
96 335
-32 335
-32 590
-159 463
-32 576
97 719
-31 961
225 719
-31 207
-31 448
96 590
-159 719
-287 463
-31 192
111 -49
-17 -306
-145 -561
-18 -433
-274 -689
-18 -945
-18 -946
-146 -1457
-273 -1586
-145 -1841
-17 -2111
238 -1983
239 -1600
111 -1344
110 -1201
-17 -1329
-17 -1586
-145 -1600
110 -1216
110 -1201
-17 -817
-17 -576
110 -704
111 -306
-160 64
96 78
-159 463
-32 577
224 591
-31 719
-32 847
-32 847
-31 463
-31 206
-159 463
-288 847
-287 718
-159 463
-32 335
-287 463
-288 79
-32 78
-159 206
-145 -306
-145 -306
-146 -433
-18 -945
-17 -1074
-146 -946
-145 -1073
-18 -1201
-18 -1201
-18 -945
-18 -448
110 -690
-145 -817
-273 -562
-145 -562
-145 -562
-145 -576
110 -192
111 -64
96 334
-160 591
-32 335
-32 591
-32 847
-288 846
-416 1102
-159 974
-159 974
-159 704
97 463
-32 591
-31 719
-31 704
96 591
-31 192
96 320
96 335
-31 192
110 -177
-18 -434
-146 -433
-17 -817
-17 -1073
-17 -1330
-145 -1329
-18 -1457
-18 -1457
-18 -1201
-17 -1074
-146 -960
111 -832
111 -1088
111 -1088
110 -960
110 -704
110 -689
-17 -305
-31 207
-288 320
97 207
-32 335
-32 832
96 832
96 846
-159 960
96 1089
225 1216
97 974
-159 719
-288 847
-287 704
96 846
-160 847
-287 718
-160 832
96 591
-31 207
-17 -64
111 -305
-17 -306
-145 -305
-18 -690
-145 -1074
-145 -1074
-145 -1343
239 -1344
111 -1329
-17 -818
-145 -818
-145 -1074
-146 -1201
-274 -946
-146 -945
-18 -689
-17 -562
-146 -434
-146 -192
96 64
97 193
224 335
-32 334
-159 463
-32 846
-160 847
-32 832
97 719
-31 718
-160 335
-31 463
-288 590
-160 590
-160 576
96 335
-31 192
111 -64
111 -64
110 -177
-17 -576
110 -689
-17 -817
-17 -817
-18 -1202
-145 -1330
-146 -1458
-146 -1714
-146 -1728
111 -1087
239 -832
110 -945
-17 -1073
-17 -1073
-17 -1088
110 -1215
239 -1087
238 -704
111 -63
495 -64
367 -63
224 64
96 64
97 193
224 321
224 65
238 -192
111 -64
367 -64
367 -320
367 -575
494 -447
495 -319
495 -831
495 -831
495 -1088
622 -1215
751 -1344
623 -1855
751 -2111
751 -2624
878 -3007
751 -3392
879 -3648
1134 -4032
1135 -4415
1007 -4671
1006 -5055
1263 -4928
1390 -4800
1647 -5695
1775 -5952
1647 -6208
1902 -6592
2159 -6975
2286 -7360
2414 -7360
2670 -7616
2927 -7744
2927 -8000
3438 -8896
3694 -9408
3951 -9792
3951 -10559
4334 -11456
4718 -12223
5103 -13376
5743 -14656
5998 -15807
6382 -16832
6766 -18111
7150 -19391
7406 -20672
8302 -22463
8943 -24127
9199 -25920
9839 -27712
10607 -30015
11503 -32320
12141 -34623
12780 -37055
13805 -39744
14444 -42432
15212 -44992
16492 -47808
17517 -51264
18285 -54336
19564 -57535
20972 -60863
22509 -64575
23791 -68416
24943 -72512
26478 -76736
28015 -81215
29678 -85951
31471 -90941
33262 -95933
35052 -101310
37228 -106686
39533 -112701
41964 -119230
44140 -125886
46446 -132798
49006 -139965
51695 -147773
54510 -156094
57453 -164926
60525 -174142
63853 -183359
67052 -193216
70767 -203327
74478 -213951
78319 -225088
82284 -236735
86509 -248895
90860 -262080
95343 -275262
100206 -288958
105068 -303549
110061 -318525
115438 -334269
120814 -350398
126573 -366912
132717 -384319
138734 -402368
145006 -421055
151789 -440127
158959 -460094
165743 -481085
173293 -502589
180975 -524606
188527 -547392
196716 -571072
205423 -595519
214254 -620736
223085 -646462
232046 -673213
241644 -700861
251631 -729406
261740 -758975
272111 -789312
282733 -820287
293870 -852414
305261 -885309
316655 -919360
328557 -954688
340846 -990656
353645 -1027389
366574 -1064893
379884 -1103549
393199 -1143360
406895 -1183807
421100 -1225149
435183 -1267774
449900 -1310656
465004 -1354688
480366 -1399998
495982 -1446334
511852 -1493184
527980 -1540544
544367 -1589054
561007 -1638718
577901 -1688896
595308 -1739712
612718 -1790910
630383 -1843005
648428 -1895872
666477 -1949759
685036 -2004157
703727 -2059072
722287 -2114623
741103 -2170429
760301 -2226749
779244 -2283456
798572 -2340287
818156 -2397885
837870 -2455743
857583 -2513983
877038 -2572478
896622 -2631101
916462 -2689728
936045 -2748478
956013 -2807358
975724 -2865855
995052 -2924480
1014380 -2983358
1034095 -3041343
1053166 -3098815
1072110 -3156158
1091182 -3212990
1109868 -3269311
1128428 -3325119
1146604 -3379901
1164527 -3434047
1181935 -3487295
1199342 -3539901
1215980 -3591357
1232365 -3641407
1248494 -3690431
1264367 -3737917
1279213 -3783998
1293423 -3828542
1307503 -3871551
1320941 -3912768
1333870 -3952318
1345901 -3989822
1357423 -4025406
1368172 -4059583
1378287 -4091199
1387500 -4120767
1395951 -4147775
1403884 -4172478
1410927 -4194877
1416943 -4214846
1422188 -4232126
1426284 -4246717
1429741 -4258622
1432174 -4267710
1433710 -4274366
1433967 -4277821
1433326 -4278206
1431918 -4275646
1429103 -4269885
1425134 -4261309
1420524 -4249790
1414765 -4234815
1407726 -4216256
1399407 -4194624
1390189 -4169535
1379823 -4141118
1368428 -4109502
1355631 -4074303
1341677 -4035904
1326700 -3994046
1310574 -3948734
1293421 -3899967
1275116 -3847615
1255404 -3792062
1234541 -3733053
1212910 -3670464
1189999 -3604798
1165676 -3536064
1140588 -3463615
1114605 -3387710
1087343 -3308864
1059182 -3227070
1029997 -3142207
999917 -3054141
968686 -2963135
936429 -2869310
903278 -2772416
869229 -2672958
834415 -2570560
798829 -2465341
762093 -2358079
724719 -2248511
686829 -2136382
648301 -2022464
608879 -1906237
568814 -1788095
528111 -1667904
486509 -1546045
444909 -1422655
402413 -1297984
359533 -1171262
316780 -1043135
273133 -914240
229228 -784062
185196 -652991
140780 -520895
96492 -388030
51820 -254143
6637 -119859
-38432 14927
-83232 149580
-128160 283724
-172447 416719
-216352 548684
-259999 678861
-303136 805199
-345887 931020
-388256 1058125
-429856 1184335
-471326 1309004
-512158 1431374
-552606 1552462
-592285 1672396
-631199 1790415
-669728 1906252
-707486 2019919
-744477 2131661
-780831 2241742
-816286 2349901
-851487 2456268
-885408 2559822
-918173 2660812
-950432 2759756
-981662 2856271
-1011743 2950092
-1041055 3040974
-1069470 3128652
-1096608 3212622
-1122975 3293388
-1148320 3371341
-1172510 3446606
-1195933 3518412
-1218205 3586765
-1238813 3651791
-1258525 3713486
-1277597 3771852
-1295519 3826895
-1312032 3878479
-1327390 3926862
-1341598 3971661
-1354784 4013132
-1366686 4051790
-1377696 4086862
-1387422 4118095
-1396256 4145998
-1403806 4171085
-1410334 4193100
-1415583 4211916
-1419933 4227277
-1423134 4239180
-1425310 4248140
-1426589 4254157
-1426718 4257357
-1425950 4257357
-1424413 4254157
-1421598 4248396
-1417885 4239820
-1413277 4228815
-1407776 4214607
-1401376 4197711
-1394205 4178383
-1386272 4156494
-1377439 4132300
-1367709 4105676
-1357471 4076749
-1346589 4046031
-1334816 4012623
-1322525 3976908
-1309600 3939660
-1296029 3901133
-1282077 3860687
-1267488 3818319
-1252638 3774540
-1236894 3728973
-1220895 3682254
-1204383 3634639
-1187614 3585101
-1170461 3534285
-1152800 3482703
-1135135 3430351
-1116957 3377101
-1098525 3322574
-1080221 3267791
-1061407 3212237
-1042464 3156045
-1023007 3099598
-1003936 3042895
-984605 2985932
-965022 2928206
-945310 2870606
-925853 2812620
-906400 2754637
-886816 2696270
-867232 2638157
-847903 2579916
-828575 2522063
-809246 2464334
-789917 2406604
-770717 2349007
-751902 2291790
-733087 2235085
-714271 2178508
-695455 2122702
-677277 2067406
-659102 2012492
-641181 1958348
-623519 1904590
-606111 1851340
-588703 1799116
-571550 1747791
-554781 1696974
-538272 1646924
-522144 1597517
-506141 1549006
-490398 1501775
-474911 1454799
-459808 1408844
-445086 1363788
-430496 1319503
-416543 1274830
-402590 1232460
-389023 1192141
-375581 1152204
-362654 1112910
-349855 1074382
-337565 1036749
-325408 1000269
-313630 964173
-302112 929102
-290718 895055
-279839 861902
-269469 829644
-259231 798412
-249245 767949
-239648 738636
-230045 710095
-221215 682446
-212125 655310
-203421 629453
-195360 603981
-187421 579277
-179487 555469
-171808 532812
-164510 510542
-157600 489039
-150815 467918
-144542 447566
-137886 428367
-131872 409676
-126109 391373
-120606 373836
-114848 356941
-109599 340685
-104733 325069
-99870 309839
-95262 295247
-90655 281294
-86176 267854
-82078 255054
-78237 242638
-74397 230863
-70687 219343
-67360 208461
-64031 198092
-60829 188364
-57758 179277
-54814 170317
-52000 161612
-49311 153293
-46623 145612
-44191 138188
-42143 131277
-39965 124620
-37534 118093
-35613 112332
-33694 106575
-32030 100943
-30240 95823
-28447 90831
-26912 86094
-25504 81486
-24224 77134
-22688 73038
-21151 69070
-20382 64846
-19358 61007
-18206 57935
-17181 54735
-16157 51662
-15261 48591
-14365 45774
-13469 43215
-12573 40654
-11933 38095
-11293 35790
-10654 33358
-9888 31055
-9248 29263
-8736 27214
-8352 25167
-7712 23630
-7328 22095
-6943 20687
-6431 19406
-6047 18638
-5535 17102
-5279 15567
-5151 14798
-4768 14159
-4383 13263
-4128 12366
-3999 11726
-3487 11215
-3359 10959
-2847 10447
-2847 9934
-2719 9679
-2592 9294
-2463 8654
-2207 8142
-1951 7886
-2207 7630
-1952 7246
-1695 6607
-1824 5966
-1440 5710
-1440 5710
-1439 5071
-1568 4431
-1311 4559
-1311 4303
-1312 3663
-1055 3278
-927 3022
-927 2767
-799 2254
-928 1871
-800 1614
-672 1359
-799 974
-928 847
-799 719
-544 847
-543 975
-544 591
-543 462
-415 463
-288 847
-543 719
-544 590
-415 463
-544 847
-288 1102
-160 1358
-160 1359
-288 1614
-416 1615
-288 1614
-416 1614
-159 1742
-416 1615
-287 1728
97 1472
97 974
-160 1102
-160 1102
-160 1103
-31 975
-32 590
-159 462
-159 207
-287 207
-273 -49
-273 -49
-274 -177
-18 -177
-18 -448
111 -305
-17 -561
-17 -817
-18 -1201
-274 -1201
-18 -689
-17 -817
-17 -831
239 -1087
238 -945
-17 -561
-274 -433
-274 -434
-145 -49
-31 206
-160 79
-31 462
-159 448
97 719
-32 590
-160 846
-159 1231
-32 1344
96 1103
-32 846
-159 719
-31 960
97 960
97 718
-160 591
-32 590
-159 462
-160 334
-159 206
-146 -178
-146 -447
239 -576
110 -690
-145 -818
-146 -433
-274 -690
-401 -1073
-17 -1330
-145 -1073
-273 -818
-145 -817
-18 -945
-18 -945
-18 -690
-146 -690
-145 -818
-146 -690
-146 -177
-32 79
-288 335
-288 591
-287 719
-31 974
-159 975
-287 974
-415 974
-159 974
-160 1102
-159 974
-160 847
-31 974
-159 1231
-31 719
-32 590
-160 590
-416 334
-159 207
-31 207
-17 -49
-17 -306
-146 -433
-274 -689
-18 -946
-146 -1201
-18 -1457
-17 -1586
-146 -1457
-18 -1201
-18 -946
-145 -818
-146 -945
-274 -946
-145 -818
-145 -817
-17 -576
110 -433
-17 -320
111 -63
225 206
-160 591
-287 718
-159 975
-32 1102
-160 1102
-159 1216
96 1344
96 1344
97 1216
97 975
-31 974
-159 975
-287 718
-160 590
-160 590
-159 718
-160 590
-159 462
-159 207
-18 -178
-145 -562
-146 -690
-146 -690
-146 -704
110 -1202
-145 -1586
-401 -1586
-146 -1457
-18 -946
-146 -689
-273 -818
-146 -946
-145 -832
111 -561
-17 -562
-145 -562
-146 -192
111 -64
353 207
-31 462
-159 719
-32 591
-287 719
-31 975
-31 974
-160 847
-32 847
-32 591
-31 462
-159 462
-160 832
97 704
96 591
-32 590
-159 463
-32 334
-159 207
-17 -64
110 -192
110 -448
110 -704
111 -832
111 -817
-18 -945
-18 -945
-17 -1088
111 -1073
-18 -689
-17 -562
-146 -946
-145 -1074
-145 -817
-274 -690
-145 -818
-146 -690
-146 -433
-18 -178
-159 206
-160 335
-32 335
-32 334
-159 719
-31 718
-159 975
-32 1103
-31 974
-160 846
-159 719
-31 719
-31 719
-31 718
-160 576
97 192
96 335
-31 207
-32 335
-32 79
-18 -178
-145 -561
-274 -946
-145 -1074
-145 -1073
-273 -1329
-17 -1600
367 -1344
111 -1344
110 -946
-145 -1073
-17 -1329
-18 -1216
111 -832
111 -818
-145 -818
-146 -960
111 -832
111 -320
97 207
-31 207
-31 463
-31 463
-31 448
97 705
224 832
97 1231
-31 1231
-31 974
-159 704
97 718
-159 719
-288 590
-159 462
-160 335
-31 207
-32 335
-31 193
239 -49
-17 -305
-274 -434
-145 -561
-17 -818
-145 -1074
-146 -1201
-273 -1329
-17 -1344
110 -1216
111 -1088
110 -946
-145 -1088
110 -1202
-146 -946
-146 -689
-18 -946
-145 -1088
111 -817
-17 -562
-146 -192
96 335
-31 462
-160 590
-159 448
96 847
-288 847
-288 1102
-160 832
97 704
97 463
-31 719
-31 704
96 335
-31 207
-32 335
-32 335
-31 207
-32 79
-273 -50
-145 -49
-18 -433
-17 -817
-18 -704
111 -832
110 -1202
-145 -1329
-18 -1457
-17 -1330
-145 -818
-145 -817
-18 -1201
-18 -1201
-17 -1074
-145 -818
-146 -945
-274 -689
-273 -306
-159 192
97 207
-31 206
-160 335
-32 590
-159 718
-160 846
-159 1231
-31 1231
-32 1088
97 974
-159 462
-159 718
-159 719
-32 591
-32 591
-32 591
-32 590
-160 591
-31 192
96 79
-18 -178
-145 -562
-146 -945
-274 -946
-146 -1216
110 -1457
-18 -1458
-145 -1329
-17 -1330
-146 -945
-17 -832
111 -1330
-145 -1329
-18 -960
111 -818
-146 -690
-145 -817
-17 -817
-274 -433
-288 79
-32 64
97 206
-159 462
-159 448
97 705
225 704
96 846
-159 974
-159 718
-160 590
-159 719
-287 718
-159 718
-159 719
-32 576
96 321
225 206
-159 207
-273 -306
-145 -561
-273 -561
-274 -690
-145 -818
-146 -945
-274 -1202
-146 -1202
-145 -1073
-273 -1074
-145 -1073
-274 -945
-18 -1201
-18 -1201
-274 -1216
111 -1073
-17 -818
-401 -817
-273 -561
-17 -306
-160 78
-159 206
-160 590
-159 974
-160 846
-159 719
-31 719
-287 974
-160 1102
-159 974
-159 463
-32 576
97 718
-160 847
-288 846
-159 719
-31 704
97 718
-159 718
-159 207
-17 -49
-18 -178
-145 -305
-274 -690
-146 -946
-146 -1201
-274 -1458
-146 -1458
-145 -1585
-17 -1074
-145 -817
-274 -946
-145 -1074
-145 -817
-274 -690
-145 -562
-145 -818
-146 -704
111 -49
-32 78
-159 462
-160 591
-32 321
225 463
-31 719
-31 974
-159 960
96 1103
-287 1230
-159 718
-159 718
-415 719
-287 463
-32 590
-159 718
-416 335
-31 192
96 64
111 -64
110 -178
-146 -434
-146 -704
110 -945
-17 -1073
-274 -945
-17 -1073
-18 -1201
-17 -1330
-145 -1073
-18 -945
-17 -1073
-18 -1201
-274 -945
-274 -433
-18 -689
-17 -818
-402 -434
-415 206
-416 334
-159 463
-32 591
-287 719
-288 590
-159 718
-160 1102
-160 1103
-288 1102
-160 847
-31 719
-32 590
-160 591
-32 847
-31 718
-159 463
-32 590
-160 591
-287 206
-146 -192
111 -305
-18 -433
-17 -561
-17 -1073
-273 -1074
-145 -1073
-17 -1074
-146 -1458
-145 -1330
-402 -945
-273 -562
-145 -818
-145 -1074
-145 -1074
-145 -818
-145 -817
-274 -689
-17 -576
111 -562
-146 -177
-32 334
-159 463
-287 463
-288 591
-32 847
-32 847
-287 974
-416 1103
-31 975
-31 719
-31 705
224 832
97 975
-31 974
-159 718
-159 463
-288 590
-159 462
-159 207
-273 -50
-145 -305
-17 -561
-18 -689
-274 -689
-274 -946
-146 -1202
-145 -1074
-145 -1088
110 -945
-17 -818
-145 -1088
111 -1073
-18 -689
-17 -817
-18 -433
-273 -305
-274 -433
-17 -49
-31 206
-160 335
-31 704
96 832
97 704
97 718
-160 847
-32 1359
-32 1358
-159 974
-160 591
-32 591
-32 591
-32 591
-32 590
-159 462
-159 463
-32 335
-32 320
97 207
-18 -177
-274 -434
-145 -305
-17 -575
239 -817
-18 -946
-146 -1201
-274 -1458
-146 -1458
-145 -1073
-18 -690
-145 -1088
110 -1216
110 -945
-17 -562
-146 -433
-17 -562
-146 -433
-273 -306
-160 78
-160 335
-32 591
-288 847
-31 960
97 975
-31 975
-31 960
97 1216
97 974
-159 462
-160 591
-31 448
96 847
-32 847
-31 719
-31 462
-160 335
-287 463
-32 79
-17 -50
-146 -434
-146 -448
110 -433
-17 -817
-18 -945
-18 -1202
-145 -1600
111 -1344
111 -818
-146 -945
-17 -1073
-18 -1202
-145 -1074
-145 -817
-17 -562
-145 -305
-17 -305
-273 -306
-146 -178
-160 78
-160 321
224 591
-31 463
-32 591
-31 719
-32 1102
-160 1103
-32 1089
225 719
-32 591
-31 719
-32 847
-288 846
-160 590
-160 591
-32 335
-32 78
-145 -306
-146 -433
-18 -433
-274 -690
-146 -945
-18 -1216
111 -1074
-146 -1202
-146 -1201
-18 -1457
-18 -1202
-146 -946
-146 -1202
-146 -1201
-274 -1201
-17 -817
-17 -1088
111 -1088
111 -817
-18 -448
110 -191
239 -49
-31 206
-160 334
-160 590
-159 704
96 847
-32 847
-31 975
-31 718
-160 335
-32 320
96 591
-32 847
-31 704
96 591
-287 206
-160 64
96 64
111 -64
110 -178
-145 -306
-146 -704
110 -960
110 -960
111 -1073
-17 -1073
-17 -1585
-17 -1599
239 -1087
238 -945
-18 -945
-18 -960
111 -831
238 -960
110 -945
-17 -817
-17 -561
-18 -177
-18 -178
-160 78
-416 590
-159 718
-159 975
-31 704
96 335
-31 719
-31 1217
224 1103
-287 719
-32 576
97 961
224 847
-32 591
-287 250
