238 -945
-17 -561
-18 -177
-17 -832
110 -1472
111 -1329
-17 -1600
110 -1713
-17 -1088
111 -319
225 192
352 320
96 576
96 1089
224 1856
97 1999
-31 1999
-31 2241
224 2113
225 2241
225 1728
96 1103
-31 719
-32 65
239 -832
110 -1458
-145 -1856
111 -2609
-18 -3520
111 -3903
495 -3647
238 -3520
111 -3377
-18 -3506
-145 -3136
110 -2737
-18 -2481
-17 -2353
-18 -1728
111 -832
111 -319
238 -704
110 -945
-18 -945
-18 -960
110 -960
111 -832
111 -49
-32 591
-32 847
-31 975
-32 846
-159 975
-31 1487
-32 1870
-159 1985
225 1984
96 2112
97 1743
-31 1231
-32 591
-31 192
110 -448
110 -945
-17 -1600
110 -1728
111 -1841
-17 -2609
-17 -3121
-18 -3008
111 -2865
-18 -2751
238 -3008
367 -2880
366 -2496
111 -2098
-145 -1841
-18 -1728
110 -704
111 -63
238 -192
111 -818
-145 -818
-145 -817
-18 -1216
110 -1202
-145 -562
-145 -49
-31 448
96 576
97 960
97 1216
353 1217
224 1344
353 1473
225 1729
224 1857
224 1856
97 1216
96 847
-31 448
111 -320
110 -1215
239 -1600
110 -2225
-17 -2609
-17 -3377
-17 -3648
111 -3648
110 -3506
-145 -3377
-18 -3264
110 -3263
238 -3008
367 -2623
239 -2368
110 -1983
239 -1600
366 -703
239 -817
-17 -1329
-18 -1201
-18 -1216
111 -1600
111 -1599
239 -832
96 79
-32 591
-31 718
-159 704
96 847
-32 1344
97 1999
-31 1743
-31 1728
96 1600
97 1487
-31 960
97 448
96 64
111 -576
367 -1087
239 -1856
110 -1969
-18 -2225
-17 -3135
238 -3761
-18 -3505
-18 -3008
110 -2993
-17 -3121
-18 -3249
-17 -3136
111 -2880
111 -2367
238 -1983
238 -1472
111 -817
-17 -1087
239 -1841
-18 -1970
-146 -1970
-145 -2098
-145 -1856
111 -1343
239 -576
97 192
96 79
-31 193
224 576
96 1345
225 1728
352 1600
97 1743
-32 1871
-31 1728
97 1216
96 832
97 463
-18 -448
110 -1472
111 -2368
110 -2495
238 -2994
-146 -3506
-145 -3903
238 -3776
110 -3520
111 -3633
-18 -3520
110 -3505
-17 -3136
110 -2482
-145 -2098
-146 -1728
110 -1216
110 -690
-146 -704
111 -1073
-17 -1344
110 -1216
110 -1201
-18 -946
-146 -689
-17 -49
-32 577
225 192
96 320
97 719
-32 1088
97 1487
-32 1601
224 1856
97 1743
-32 1856
97 1216
352 576
96 320
111 -50
-146 -704
111 -1600
111 -2097
-18 -2496
111 -3136
110 -3519
238 -3263
238 -3007
238 -3007
239 -3136
111 -3136
110 -2496
111 -2112
111 -1856
110 -1713
-17 -1088
111 -320
111 -320
110 -960
366 -960
111 -1087
239 -1087
238 -960
110 -448
96 320
97 704
97 704
96 847
-31 975
-32 1600
97 1984
96 2369
224 2112
353 2510
-160 2639
-287 1743
-32 1103
-31 704
111 -49
-18 -945
-17 -1344
110 -1727
238 -1983
238 -2752
111 -3136
110 -2993
-17 -2865
-18 -2752
111 -3135
238 -3008
111 -2624
111 -2097
-18 -1728
111 -1599
239 -817
-32 79
-32 78
-145 -305
-17 -575
239 -575
239 -832
110 -960
110 -448
97 207
-32 591
-31 960
96 1089
225 1217
480 1601
225 1999
-32 2127
-31 1998
-160 2368
96 2383
-32 1871
-32 1359
-31 1216
96 334
-146 -689
-18 -1201
-17 -1586
-146 -1969
-17 -2879
238 -3264
111 -2879
239 -2609
-17 -2609
-17 -2880
110 -2751
239 -2368
111 -1856
110 -1728
110 -1457
-17 -831
238 -192
111 -64
110 -447
239 -817
-17 -1088
110 -1215
238 -1215
238 -960
111 -49
-31 704
97 705
225 704
96 1088
97 1472
96 1856
97 1984
96 2126
-160 2127
-32 2127
-31 1743
-32 1088
97 704
352 321
239 -561
-18 -1457
-17 -1855
239 -2097
-18 -2738
-146 -3249
-18 -3264
111 -2880
111 -2624
110 -3007
239 -2880
111 -2624
111 -2097
-18 -1969
-17 -2112
110 -1472
111 -561
-17 -320
111 -561
-17 -561
-274 -946
-146 -1201
-18 -1201
-17 -832
96 64
97 975
-32 846
-160 847
-288 1102
-159 1472
97 1999
-31 1998
-159 1984
353 2241
224 2383
-31 1984
96 1102
-160 590
-159 206
-145 -561
-18 -1216
110 -1471
239 -1855
239 -2624
110 -3007
239 -2880
367 -2623
238 -2481
-17 -2610
-145 -2353
-17 -1856
111 -1585
-17 -1586
-146 -1201
-17 -832
111 -64
97 193
239 -576
110 -945
-17 -1074
-145 -1329
-18 -1458
-146 -945
-18 -177
-32 591
-31 704
96 832
97 1231
-32 1856
97 2240
96 2368
97 2511
-31 2510
-160 2638
-160 2127
-31 1743
-32 1614
-160 847
-18 -191
238 -960
367 -1600
110 -1984
111 -2880
111 -3377
-17 -3377
-18 -3249
-18 -3264
110 -3249
-18 -3249
-18 -2737
-17 -2353
-18 -2240
110 -1984
366 -1215
238 -191
238 -192
110 -690
-146 -945
-273 -817
-17 -1073
-17 -817
-18 -434
-159 207
-288 1103
-32 1089
225 704
96 1103
-31 1472
96 1857
225 1984
96 2368
353 2240
353 2241
224 1600
96 847
-31 463
-31 193
238 -703
238 -1471
239 -1841
-17 -2097
-17 -2609
-17 -3121
-18 -3249
-274 -2737
-18 -2737
-17 -3122
-145 -3121
-17 -2623
238 -1984
111 -1599
238 -1472
366 -960
111 -320
111 -50
-145 -320
110 -945
-18 -1201
-18 -1472
111 -1344
367 -1088
367 -320
97 463
-31 463
-31 719
-32 847
-31 1486
-159 1998
-160 2127
-32 2368
96 2625
225 2767
-32 2369
224 1600
352 1103
-32 832
111 -63
239 -817
-18 -945
-17 -1329
-274 -1984
111 -2623
239 -2879
239 -2879
239 -2609
-17 -2880
110 -2737
-18 -2738
-145 -2097
-18 -1472
111 -1344
367 -1088
366 -448
110 -191
239 -576
110 -960
110 -959
239 -832
110 -959
494 -448
353 193
225 975
-32 1345
225 1216
96 1103
-32 1600
96 2112
97 2496
97 2240
97 2254
-160 2383
-288 1856
97 1472
97 960
97 448
111 -319
238 -1216
111 -1585
-17 -1856
110 -2240
110 -2738
-145 -2865
-17 -2624
111 -2354
-145 -2624
110 -2495
238 -2495
239 -1856
110 -1727
238 -1983
494 -1471
238 -448
111 -319
238 -960
111 -1073
-17 -1088
111 -1343
494 -1728
111 -1088
111 -320
97 192
97 705
225 704
352 1089
224 1601
224 2127
-32 2127
-32 2383
-31 2752
97 3023
-31 2511
-31 1742
-159 1216
96 833
239 -49
-17 -818
-146 -1458
-145 -1585
-17 -2097
-17 -2865
-17 -3377
-18 -3008
111 -2880
111 -2624
110 -2738
-145 -2609
-18 -2225
-17 -2112
111 -2097
-17 -1585
-17 -818
-146 -433
-18 -689
-17 -1073
-17 -1074
-145 -1088
110 -1215
238 -1216
111 -305
-32 320
96 576
97 448
97 704
96 1345
224 1600
97 1487
-31 1472
97 1728
97 1985
225 1743
-32 847
-32 591
-31 207
-18 -448
110 -1215
238 -1728
366 -1984
110 -2496
110 -2994
-145 -2879
239 -2624
110 -2481
-18 -2752
110 -3007
238 -2737
-18 -1969
-18 -1728
111 -1855
239 -1599
238 -960
111 -319
239 -576
110 -1201
-17 -1344
111 -1344
111 -1344
110 -1215
239 -576
352 65
224 335
-31 449
224 576
97 961
224 1600
97 2240
97 2240
96 2369
225 2767
-31 2240
97 1729
225 1216
96 847
-17 -64
110 -945
-17 -1088
111 -1344
110 -2240
111 -2880
111 -2865
-17 -2880
110 -2737
-18 -2737
-18 -2751
239 -2368
366 -1984
367 -1600
110 -1472
111 -1087
239 -320
97 192
110 -191
239 -1087
239 -817
-17 -576
111 -1087
238 -1215
238 -177
-32 591
-31 960
96 832
96 1359
-32 1601
225 1728
97 1999
-32 2113
224 2112
353 1984
97 1985
225 1216
97 961
224 576
111 -305
-17 -1088
110 -1471
238 -1472
110 -1727
239 -2367
494 -2751
238 -2752
110 -2239
239 -2367
239 -2623
495 -2112
366 -1728
110 -1472
110 -1472
111 -1073
-18 -433
-32 64
110 -191
238 -689
-17 -1087
239 -1073
-18 -1201
-17 -1073
-18 -447
224 64
352 321
225 463
-32 576
96 832
352 1344
353 1728
352 1871
-31 2241
224 2369
481 1984
97 1217
225 704
97 192
111 -575
239 -1344
367 -1856
622 -1984
367 -2624
367 -3647
494 -3776
111 -3392
366 -3007
238 -3519
494 -3519
495 -3392
367 -3136
366 -3264
367 -3136
366 -3008
622 -2240
623 -1855
494 -1983
494 -2496
623 -2624
623 -2880
878 -3263
1006 -3263
1007 -2624
1135 -2111
1007 -2111
1263 -2368
1647 -2623
1518 -2752
1646 -2752
1646 -2495
1775 -2623
2030 -3007
2030 -3008
2159 -3904
2158 -4799
2286 -5824
2670 -6592
2670 -8127
3054 -9663
3310 -10688
3438 -11456
3695 -12864
3951 -14399
4334 -15296
4719 -15679
5103 -16448
5487 -17471
5870 -18880
6255 -20031
6383 -20544
6766 -21184
7279 -22336
7791 -23359
8430 -24000
9070 -25023
9710 -27071
9967 -29504
10862 -31679
11501 -33599
12269 -35647
13037 -37952
13677 -39999
14317 -41536
15468 -43712
16237 -46655
17132 -49343
18413 -52032
19565 -54848
21100 -58303
22252 -61887
23534 -65727
25071 -69439
26607 -74047
28142 -79296
29807 -84543
31470 -89790
33135 -95805
35052 -102334
36973 -108862
39277 -115262
41836 -122045
44012 -129469
46575 -136766
49262 -144062
51823 -151613
54510 -159933
57837 -168509
60909 -177470
64109 -186431
67564 -195776
71023 -205888
74606 -216255
78319 -226623
82413 -237632
86381 -249919
90862 -263103
95471 -276285
100078 -289982
105068 -304318
110188 -319165
115694 -333757
121326 -349118
126828 -365503
132588 -382655
138990 -400575
145390 -419007
151789 -437824
158829 -457534
165998 -478142
173165 -499262
180845 -521278
188782 -544448
196717 -569152
205167 -594495
213998 -620224
222829 -646973
232174 -674750
241772 -703166
251502 -731838
261740 -761792
272238 -793023
282861 -824640
293999 -856894
305517 -889405
316910 -923583
328684 -958912
341102 -994496
353645 -1030718
366447 -1068094
379501 -1106238
393070 -1145536
406895 -1185343
421101 -1226046
435310 -1268669
450031 -1312576
465260 -1356735
480238 -1401790
495983 -1447998
511853 -1494591
527853 -1541439
544495 -1589054
561005 -1637950
578156 -1687999
595436 -1738432
612719 -1789502
630382 -1841341
648428 -1894079
666604 -1947840
684909 -2001982
703342 -2056640
722286 -2112191
741102 -2169021
760301 -2225981
779245 -2283327
798444 -2341312
818029 -2400062
837740 -2458559
857582 -2517183
877038 -2576317
896750 -2635710
916335 -2694976
936046 -2753469
955884 -2811837
975596 -2870720
995181 -2929216
1014893 -2987326
1033838 -3045055
1053166 -3102656
1072238 -3160254
1091182 -3216830
1110124 -3272384
1128557 -3327295
1146605 -3382078
1164398 -3436479
1181934 -3489727
1199342 -3541694
1216364 -3592894
1232492 -3643072
1248367 -3691328
1263982 -3737534
1278829 -3783230
1293678 -3827901
1307631 -3870784
1321069 -3911488
1333870 -3950782
1345900 -3988158
1357678 -4023741
1368557 -4057407
1378287 -4088896
1387629 -4118336
1396334 -4146112
1404269 -4171837
1411055 -4194621
1416943 -4215102
1422445 -4233278
1426541 -4248637
1429999 -4260670
1432430 -4270270
1433710 -4277437
1434095 -4281405
1433583 -4281918
1431919 -4279870
1429359 -4274494
1425775 -4265790
1420908 -4253629
1414892 -4238016
1407598 -4218815
1399535 -4196671
1390317 -4171583
1379822 -4142525
1368301 -4109886
1355631 -4074304
1341805 -4035904
1326700 -3994046
1310574 -3948733
1293293 -3899712
1274988 -3847104
1255532 -3790781
1234924 -3730877
1213165 -3667775
1190124 -3601598
1165933 -3532352
1140845 -3459647
1114861 -3383614
1087599 -3304256
1059439 -3222333
1029868 -3137215
999660 -3048894
968558 -2958016
936557 -2864701
903406 -2768320
869485 -2669117
834543 -2567744
798828 -2464446
762477 -2358080
725102 -2248896
686956 -2137021
648429 -2023743
609007 -1908286
569199 -1790015
528366 -1669824
487020 -1547710
445292 -1424064
403052 -1299135
360428 -1172414
317293 -1044287
273900 -914621
230125 -784190
185965 -652607
141548 -519872
96877 -387134
52077 -254015
7149 -119604
-37791 15055
-82208 149324
-126879 283340
-171168 417102
-215199 549837
-258847 680397
-302111 806863
-344864 932941
-387104 1060429
-429088 1187151
-470303 1311949
-511262 1434447
-551453 1555919
-591133 1675724
-630432 1793615
-668959 1908940
-706717 2021839
-743965 2133453
-780319 2242766
-815517 2349772
-850335 2454735
-884255 2557644
-917405 2658766
-949407 2757069
-980766 2852942
-1011102 2946637
-1040415 3037646
-1068957 3125197
-1096222 3209295
-1122592 3290445
-1147935 3368653
-1172254 3444047
-1195293 3515852
-1217438 3584332
-1238685 3649998
-1258654 3712590
-1277341 3771085
-1294879 3825871
-1311519 3877326
-1327005 3925710
-1341342 3970637
-1354272 4012621
-1366302 4051790
-1377183 4087246
-1387165 4119246
-1395871 4147663
-1403165 4172492
-1409696 4194636
-1415328 4213580
-1419678 4229196
-1423005 4241613
-1425181 4250828
-1426333 4256973
-1426461 4259532
-1425822 4258893
-1424158 4255308
-1421213 4249037
-1417502 4239436
-1413023 4226767
-1407519 4211662
-1401248 4194382
-1394077 4174543
-1386272 4151886
-1377182 4127052
-1367453 4100556
-1357471 4071885
-1346334 4040783
-1334560 4007502
-1322398 3972173
-1309728 3935309
-1295904 3896908
-1281950 3856462
-1267103 3814351
-1252125 3771341
-1236766 3726924
-1220768 3680591
-1204256 3631695
-1187614 3582029
-1170206 3531597
-1152543 3480270
-1134752 3427918
-1116575 3375052
-1098141 3321551
-1079838 3267407
-1061152 3212365
-1042207 3156429
-1023008 3100238
-1003679 3043790
-984221 2987212
-964765 2929870
-945310 2871886
-926109 2814157
-906528 2755916
-886943 2697166
-867232 2638412
-847775 2579660
-828576 2520911
-809246 2462287
-789789 2403789
-770845 2345678
-751773 2287822
-732831 2230476
-714143 2173388
-695456 2117711
-677152 2062414
-659101 2007500
-641181 1953229
-623645 1899982
-606112 1847117
-588831 1795276
-571549 1744079
-555038 1693518
-538272 1644109
-522015 1595853
-506142 1547599
-490525 1499854
-475039 1453006
-459936 1407053
-445214 1361740
-430496 1317711
-416287 1273806
-402334 1232460
-388767 1192909
-375326 1153101
-362269 1114062
-349856 1076047
-337181 1038797
-325152 1002317
-313374 966732
-301983 931535
-291102 897871
-280096 864846
-269469 831949
-259359 799693
-249373 768716
-239519 738765
-230173 709582
-221087 680655
-211998 653135
-203549 626636
-195487 600780
-187294 575820
-179359 551629
-171808 528461
-164638 506191
-157727 484558
-150943 463566
-144285 444110
-137888 425295
-131871 406733
-125726 388940
-120221 372173
-114720 356173
-109599 340428
-104605 324557
-99870 309326
-95135 294606
-90527 280782
-86176 267599
-82206 255311
-78366 243534
-74398 232270
-70815 221391
-67360 210765
-64031 201164
-60830 191564
-57757 182477
-54814 173901
-51998 164941
-49183 156877
-46880 149068
-44448 140877
-42015 133581
-39966 126284
-38046 119117
-35614 111436
-33437 104910
-31902 99151
-30240 93519
-28704 87630
-27040 82254
-26015 77774
-24223 73678
-22688 69455
-21534 65358
-20381 61647
-19230 58190
-18077 55247
-16926 52302
-16286 49487
-14877 47054
-13982 45135
-13342 42831
-12574 40014
-11933 37327
-11293 35023
-10527 32718
-9888 30798
-9375 29390
-8607 28622
-8096 27471
-7456 25934
-7072 24655
-6688 23630
-6303 22734
-6048 21839
-5663 20686
-5279 19406
-5024 18767
-4640 17742
-4255 16334
-3999 14799
-3616 13390
-3487 12239
-3359 10447
-3103 9166
-2719 8143
-2591 7119
-2592 6222
-2207 5070
-2208 4687
-1824 4430
-1696 3919
-1567 3535
-1823 3022
-1695 3022
-1183 3022
-1439 3279
-1311 3535
-1056 3918
-927 4047
-1055 4046
-927 3279
-1056 2383
-1056 2127
-1056 1870
-927 1743
-800 2383
-543 2766
-415 3022
-672 3151
-287 3022
-415 3022
-416 3407
-287 3790
-160 3919
-32 3918
-160 3918
-160 4174
-160 3406
-159 2511
-32 2126
-159 1743
-31 719
-32 79
-17 -306
-146 -690
-145 -1330
-401 -1841
-274 -1969
-274 -1713
-273 -1586
-146 -1713
-273 -1841
-17 -1842
-146 -1201
-17 -832
110 -704
110 -177
-288 591
-32 832
96 335
-31 207
-32 64
110 -192
111 -320
111 -49
-32 590
-159 1487
-31 1487
-288 1359
-31 1743
-31 1985
224 2639
-32 2895
-32 3136
96 3137
225 3279
-31 2752
97 2240
97 1728
96 1359
-31 192
111 -575
239 -817
-17 -1329
-18 -1727
239 -2624
111 -2610
-145 -2097
-273 -1841
-17 -2111
238 -1983
238 -1970
-146 -1458
-145 -1087
238 -959
238 -689
-32 78
-159 463
-287 207
-18 -192
110 -433
-17 -576
111 -561
-17 -305
-32 320
97 1231
-31 1487
-32 1614
-160 1615
-32 1856
97 1999
-31 2240
97 2752
353 3008
96 3151
-287 2511
-31 1472
96 832
96 832
96 65
238 -689
-18 -1216
111 -1344
367 -1856
622 -2752
110 -2993
-18 -2496
111 -2368
110 -2481
-18 -2240
111 -1856
110 -1471
238 -1727
239 -1329
-17 -832
110 -177
-17 -50
-145 -50
-146 -448
111 -305
-17 -576
111 -1073
-18 -704
96 64
96 832
97 975
-31 961
225 1217
224 1615
-32 2126
-160 2383
-32 2382
-159 2511
-32 2638
-415 2255
-32 1615
-31 1217
224 833
225 193
238 -704
366 -1201
-17 -1600
110 -2225
-18 -2752
111 -2879
239 -2624
110 -2482
-145 -2609
-18 -2496
110 -2240
111 -1856
110 -1728
110 -1458
-146 -945
-17 -63
224 64
367 -64
111 -320
110 -434
-145 -576
110 -704
110 -704
111 -64
96 832
97 1231
-31 1231
-31 1231
-31 1487
-32 1870
-160 2383
-31 2511
-31 2496
97 2510
-160 2127
-32 1615
-31 1231
-31 974
-160 64
111 -832
110 -1457
-18 -1727
239 -2367
238 -2737
-18 -3249
-17 -2879
238 -2481
-17 -2624
111 -2624
110 -2240
110 -1984
110 -1713
-18 -1458
-146 -960
111 -320
97 192
96 79
-18 -689
-18 -960
111 -831
238 -704
110 -448
97 193
225 975
-31 1231
-31 1231
-287 1486
-160 1615
-31 2255
-31 2766
-160 2624
96 2881
225 3008
96 2639
-31 1729
225 1472
96 846
-159 193
239 -831
239 -1329
-18 -1728
111 -2112
110 -2737
-18 -2993
-17 -2880
110 -2752
110 -2496
111 -2609
-17 -2610
-146 -2482
-146 -1713
-17 -1329
-18 -946
-145 -63
225 448
96 79
-17 -562
-146 -689
-17 -818
-401 -817
-18 -960
110 -177
-288 832
96 832
97 718
-159 719
-31 1472
97 1999
-31 2240
97 2240
96 2625
224 2624
97 2240
97 1472
97 960
97 449
239 -64
110 -945
-17 -1600
111 -1599
238 -1983
238 -2752
366 -3008
110 -2481
-18 -2481
-18 -2752
111 -2623
239 -2368
111 -1856
111 -1599
239 -1600
367 -1343
238 -704
96 64
97 207
-18 -433
-17 -576
111 -832
367 -1087
238 -959
239 -320
96 590
-160 1102
-160 832
97 961
225 1473
224 1856
96 2113
225 2240
97 2496
97 2496
97 2496
97 1472
353 960
96 847
-31 192
110 -704
367 -1344
367 -1600
367 -2111
239 -2866
-145 -3121
-18 -2752
111 -2624
111 -2623
239 -2624
110 -2481
-17 -2112
367 -2111
239 -1856
111 -1600
110 -960
366 -192
110 -178
-145 -832
110 -960
111 -831
239 -1073
-18 -959
239 -320
352 321
225 704
96 847
-31 960
97 961
225 1472
97 1999
-32 2112
96 2368
97 2496
97 2241
224 1614
-159 1231
-31 961
224 64
111 -831
239 -1344
111 -1599
239 -2112
366 -3007
239 -3136
111 -2879
239 -2624
110 -2737
-17 -2880
110 -2496
111 -2112
110 -1983
238 -1728
110 -1472
111 -576
96 65
238 -192
110 -703
238 -960
110 -960
110 -703
238 -689
-18 -447
239 -64
96 576
97 704
353 960
353 1472
353 1985
481 2496
97 2254
-159 1999
-31 2241
224 2369
225 1728
97 1216
97 719
-32 65
239 -831
238 -1472
367 -1600
110 -1983
239 -2623
238 -3008
111 -2865
-17 -2624
110 -2752
110 -2993
-18 -3007
239 -2097
-18 -1969
-17 -1856
111 -1088
111 -575
239 -320
110 -448
110 -959
239 -1087
238 -1215
238 -1215
239 -817
-17 -320
97 193
224 833
224 832
352 832
353 1216
353 1728
353 1984
353 1984
96 2127
-32 2368
96 2112
97 1487
-31 975
-31 704
111 -64
111 -1088
110 -1728
367 -1841
-18 -1969
-18 -2495
239 -3136
110 -3008
111 -2609
-18 -2481
-17 -2880
110 -2738
-145 -2097
-274 -1713
-17 -1600
111 -1087
238 -448
352 64
111 -49
-17 -576
111 -1087
239 -1329
-18 -960
111 -832
110 -448
96 64
97 448
353 448
352 576
352 833
224 1345
224 1856
97 1984
97 2240
97 2496
97 2240
353 1473
224 832
96 591
-32 79
-18 -690
-146 -1216
111 -1343
238 -1984
110 -2752
110 -3264
110 -3008
111 -3136
110 -2752
111 -2624
111 -2112
111 -1841
-18 -1713
-17 -1841
-18 -1969
-17 -1343
238 -690
-146 -448
110 -1216
110 -1215
239 -1087
239 -1073
-18 -1201
-17 -832
111 -63
224 576
97 704
96 847
-31 1216
97 1729
224 2112
97 1984
96 2369
225 2497
225 2240
96 1601
225 975
-31 718
-145 -49
-17 -817
-17 -1344
110 -1728
110 -1728
110 -2496
111 -3135
239 -2879
238 -2752
111 -2880
110 -3264
111 -3135
239 -2879
239 -2112
111 -1855
239 -1600
367 -832
111 -319
238 -447
238 -704
110 -959
238 -1215
239 -1073
-18 -1202
-146 -689
-32 335
-288 590
-160 576
97 704
96 833
225 1231
-32 1857
225 1984
97 2255
-31 2241
224 2113
225 1472
96 1102
-160 846
-160 321
239 -831
494 -1471
238 -1728
366 -2240
367 -3135
239 -3391
238 -3249
-17 -3135
238 -3008
366 -3007
239 -2865
-17 -2367
238 -1984
366 -1727
239 -1599
238 -959
238 -192
110 -192
111 -832
110 -960
111 -1343
239 -1599
239 -1599
239 -1087
239 -64
97 448
96 335
-32 576
96 1089
224 1856
96 2127
-32 2113
225 1984
97 1984
96 1857
225 1231
-32 847
-31 449
224 64
110 -960
367 -1599
238 -1983
238 -2239
239 -2879
239 -3391
238 -3520
111 -2880
111 -2609
-18 -3008
366 -3263
495 -2880
367 -2368
111 -2112
366 -2240
110 -1471
238 -704
367 -319
238 -703
238 -959
239 -1073
-18 -1202
-145 -1088
110 -448
111 -49
-32 847
-32 833
224 591
-32 1103
-31 1473
225 1729
225 1985
224 1871
-31 2240
97 2240
96 1601
224 832
97 704
97 192
110 -703
239 -1856
111 -2097
-18 -2240
110 -2752
110 -3249
-18 -2993
-17 -2624
110 -2496
367 -2879
238 -3007
238 -2496
111 -2111
238 -1727
238 -1216
110 -960
110 -192
111 -63
239 -576
110 -945
-18 -945
-17 -1329
-18 -1714
-145 -1074
-146 -192
96 321
224 591
-32 591
-31 960
97 1486
-160 2127
-32 2113
224 2112
97 2255
-32 2127
-31 1473
225 961
224 576
97 192
110 -703
239 -1344
110 -1713
-17 -2112
366 -3008
110 -3505
-18 -3263
238 -3008
111 -2865
-18 -3008
110 -2752
110 -2496
111 -2112
110 -1983
239 -1856
111 -1087
238 -448
111 -320
110 -704
367 -1088
110 -1215
239 -1087
238 -1215
238 -1215
238 -192
97 448
97 448
97 448
96 1103
-31 1486
-160 1856
97 1999
-31 1984
96 2112
352 2112
97 1487
-31 974
-160 320
110 -192
110 -945
-17 -1599
238 -1727
239 -1855
238 -2495
238 -2993
-17 -2865
-18 -2737
-17 -2865
-18 -2993
-18 -2993
-17 -2609
-17 -2112
110 -1969
-18 -1969
-17 -1343
238 -448
367 -320
111 -817
-17 -1073
-17 -1088
111 -1329
-18 -1471
238 -960
366 -191
225 193
224 320
352 577
224 832
353 1216
97 1473
225 1473
224 1615
-31 1984
97 1984
97 1472
97 1217
224 833
225 448
111 -832
367 -1855
238 -1984
111 -2111
238 -2495
239 -3135
238 -3761
-17 -3391
239 -3135
239 -3136
110 -3007
238 -2752
110 -2225
-17 -2112
111 -1856
110 -1252
