366 -7090
-145 -10033
-18 -11185
-18 -11712
110 -12722
-146 -13504
111 -13888
367 -13888
110 -13504
110 -13248
111 -12850
-146 -11968
111 -10560
111 -8512
111 -5952
367 -3136
367 -575
225 1217
225 2510
-160 4672
97 8128
97 10944
97 12225
225 12993
225 14016
96 14656
96 14400
97 14031
-31 13263
-31 11983
-31 11201
224 10049
225 8128
96 5967
-32 3392
97 463
-18 -1713
-17 -3121
-18 -4273
-18 -6847
238 -9920
111 -11839
238 -12480
111 -13376
111 -14144
110 -14514
-145 -14144
111 -13888
110 -13248
366 -12977
-18 -12224
110 -10944
111 -9024
111 -6463
239 -3633
-17 -832
97 960
97 2496
97 4558
-159 7887
-31 10689
224 11855
-31 13006
-160 13888
97 14272
96 14144
97 13505
225 12736
97 11983
-32 10817
225 9665
225 8129
225 6080
97 3265
225 449
238 -1727
238 -3007
239 -4145
-17 -6719
239 -9791
238 -11968
111 -12850
-146 -13489
-18 -14001
-17 -14385
-17 -14144
111 -13887
239 -13631
238 -12977
-18 -12224
110 -11200
110 -9138
-145 -6706
-145 -3889
-18 -960
96 1088
97 2240
352 3905
224 7232
96 10560
97 12224
97 12736
97 13760
96 14400
96 14400
97 13774
-159 12751
-31 11968
352 11072
97 9921
224 8256
353 6336
96 3919
-31 960
110 -1216
110 -2752
110 -3762
-146 -6336
111 -9279
239 -11584
111 -12593
-17 -13120
111 -13887
239 -14399
238 -14015
238 -13504
110 -13233
-17 -12850
-146 -12224
110 -10944
111 -9266
-146 -6592
111 -3648
111 -831
225 975
-32 2383
-31 4033
224 7488
97 10703
-31 12224
97 12993
225 13775
-31 14785
224 14400
97 14031
-287 13007
-31 12225
224 11328
97 10176
96 8783
-32 6720
96 4160
97 1231
-18 -1201
-17 -2624
110 -3761
-18 -6322
-146 -9393
-18 -11455
239 -12352
110 -13248
111 -13873
-18 -14257
-18 -14257
-18 -13760
367 -13119
239 -12593
-17 -11839
239 -11072
111 -9279
238 -6848
367 -3903
238 -1215
480 832
96 2368
96 4161
224 7247
-32 10319
-31 11968
97 13006
-160 13647
-32 14400
96 14401
224 13888
97 13248
96 12096
97 11200
96 10304
97 8640
352 6208
353 3776
97 960
110 -1216
111 -2624
111 -3904
110 -6321
-17 -9280
111 -11314
-145 -12352
111 -13105
-18 -14016
110 -14528
110 -14527
238 -14271
495 -13632
623 -13119
239 -12608
111 -11327
239 -9536
367 -6975
238 -4288
110 -1713
-31 719
-31 2241
225 3791
-32 6735
-32 10063
-31 11968
96 12878
-159 13761
225 14529
225 14528
97 14031
-32 13391
-32 12608
96 11840
96 10305
225 8896
97 6607
-31 4047
-32 1359
-18 -960
111 -2624
111 -3648
110 -5824
111 -9279
238 -11712
111 -12352
110 -13248
110 -14271
239 -14400
110 -14271
239 -13888
111 -13361
-17 -12864
110 -12480
110 -11456
110 -9408
111 -6706
-145 -4146
-145 -1343
224 832
96 2127
-31 3791
-32 6721
225 9920
97 11968
96 12864
97 13761
224 14656
97 14799
-31 14272
97 13504
96 12623
-32 11599
-31 10688
97 9167
-32 6991
-32 4416
96 1615
-18 -433
-17 -2112
367 -3391
238 -5567
239 -8767
239 -11071
238 -11953
-17 -12593
-273 -13617
-17 -13887
238 -13759
238 -13503
238 -13233
-18 -12721
-17 -12352
111 -11328
111 -9536
110 -6847
238 -4018
-146 -1215
225 960
97 2511
-31 4047
-31 7119
-31 10432
97 12224
97 13248
96 14144
97 15055
-32 15183
-31 14542
-160 13902
-160 12879
-32 12097
225 10703
-31 9408
96 7489
224 5185
225 2752
97 193
239 -2112
111 -3392
111 -5184
111 -8241
-17 -10816
110 -11954
-146 -12480
110 -13248
111 -13873
-18 -14015
239 -13361
-17 -12864
110 -12480
366 -11968
366 -10943
239 -9280
111 -6976
111 -4415
238 -1472
96 576
97 2496
352 3904
352 6735
-31 9935
-31 11969
224 12865
224 13888
96 14656
97 15041
224 14401
224 13647
-31 12750
-160 11855
-32 10816
96 9536
97 7616
96 5198
-160 2383
-18 -192
111 -1856
111 -3135
239 -5184
110 -8113
-17 -10546
-146 -11698
-146 -12466
-146 -13248
110 -14016
111 -13874
-145 -13617
-17 -12864
111 -12352
111 -12081
-17 -11314
-146 -9649
-17 -7473
-17 -4928
110 -1727
224 591
-31 1984
97 3520
352 6465
225 9664
96 11840
97 12751
-31 13774
-159 14798
-159 15055
-287 14528
96 13889
224 12878
-160 11855
-31 10688
96 9551
-31 7631
-32 5184
97 2511
-18 -177
-17 -1841
-18 -3008
366 -4800
366 -8113
-17 -10802
-146 -11953
-18 -12736
111 -13631
239 -14144
111 -14143
238 -14002
-145 -13361
-17 -12863
238 -12479
239 -11583
239 -9792
110 -7615
239 -4913
-17 -1841
-31 448
97 1999
-31 3520
96 6208
97 9664
353 11713
224 12864
96 13632
97 14272
97 14785
224 14400
353 13504
97 12495
-288 11855
-32 10831
-32 9807
-31 7887
-32 5455
-32 2624
111 -49
-18 -1983
238 -3249
-18 -5055
238 -7872
110 -10673
-18 -11954
-146 -12736
110 -13504
111 -14143
239 -14144
110 -14002
-146 -13489
-17 -13120
110 -12465
-18 -11441
-18 -9920
367 -7729
-18 -5056
110 -2239
224 320
97 1728
96 3136
97 5824
97 9409
225 11712
96 12608
96 13377
225 14529
224 14657
225 14273
224 13633
224 12623
-31 11969
224 11072
97 9679
-32 7745
224 5198
-159 2496
97 192
110 -1727
239 -3121
-18 -4785
-18 -7871
238 -10432
367 -11839
238 -12480
111 -13631
238 -14272
111 -14144
111 -13887
238 -13489
-18 -13248
110 -12736
110 -11456
110 -9920
110 -7857
-18 -5041
-17 -2112
97 463
-32 2112
96 3392
96 5952
96 9295
-32 11328
97 12480
97 13505
225 14543
-32 14912
96 14401
481 13760
352 12865
225 11969
224 11087
-32 9807
-31 7887
-32 5455
-32 2894
-160 64
110 -1727
238 -3008
110 -4799
238 -7872
367 -10559
238 -11968
111 -12593
-17 -13361
-17 -14143
239 -14144
111 -13873
-17 -13361
-18 -12721
-274 -12466
-145 -11825
-18 -10417
-17 -8000
111 -5440
111 -2353
-32 64
97 1984
97 3279
-31 5568
97 8896
97 11471
-31 12481
225 13263
-31 14286
-159 14799
-32 14415
-31 13775
-32 12865
224 11840
97 10945
224 9792
96 8014
-160 5454
-160 2624
96 64
111 -1599
238 -3007
238 -4785
-18 -7616
111 -10559
238 -11968
110 -12466
-145 -13362
-146 -14271
238 -14528
110 -14272
111 -13631
238 -13247
239 -12608
110 -11712
111 -10559
238 -8383
238 -6079
239 -3136
110 -448
97 1472
97 3008
97 5313
224 8769
224 11328
97 12480
97 13505
224 14144
97 14529
224 14145
225 13504
96 12608
352 11585
224 10560
97 9408
96 7745
224 5455
-32 2895
-31 206
-145 -2097
-273 -3377
-17 -4914
-146 -7602
-145 -10304
367 -11839
239 -12608
111 -13632
110 -14528
110 -14513
-18 -14272
111 -13888
110 -13248
111 -13120
110 -12223
239 -10801
-17 -8768
110 -6080
110 -2993
-18 -433
-32 1359
-32 2624
96 4943
-31 8384
96 11087
-32 12097
225 12993
225 14287
-31 14799
-31 14287
-32 13376
96 12623
-31 11982
-160 11072
97 9664
96 8014
-160 5711
-31 3008
96 320
110 -1713
-17 -3136
110 -4529
-18 -7089
-18 -10176
110 -11711
239 -12351
239 -13375
239 -14144
110 -14271
239 -13888
110 -13503
239 -13119
494 -12736
366 -11711
239 -10560
366 -8384
110 -5809
-17 -3121
-18 -434
-159 1231
-31 2511
-31 5312
97 8641
224 11329
225 12481
224 13120
97 14273
224 14657
225 14272
96 13888
96 13120
96 12096
352 11073
224 9536
96 8015
-32 5952
353 3265
224 591
-17 -1329
-17 -2623
239 -4416
111 -6976
110 -9920
110 -11698
-145 -12594
-146 -13503
238 -14257
-18 -14272
110 -14016
110 -13760
110 -13247
239 -12608
366 -11967
238 -10431
239 -8512
366 -6079
239 -3135
238 -433
-32 1088
97 2767
-31 4815
-31 8128
96 10831
-32 11855
-31 12751
-32 14159
-32 14657
225 14528
97 13760
96 12609
225 11712
96 11087
-31 9664
96 8000
97 5824
96 3392
353 448
111 -1600
111 -2865
-18 -4543
239 -7231
238 -10432
110 -12209
-18 -12721
-17 -13631
238 -14527
494 -14784
367 -14655
494 -14272
110 -13760
111 -13120
111 -12337
-17 -11328
111 -9280
110 -6847
238 -4031
238 -1215
225 705
481 1984
352 4161
225 7361
224 10048
96 11329
224 12097
481 13249
480 13888
353 13248
352 12865
224 11840
96 10560
353 9921
480 8768
609 6848
609 4544
353 1984
366 -704
367 -2880
366 -4544
622 -6080
622 -8639
495 -11584
623 -13888
623 -14911
751 -15680
879 -16959
750 -17087
750 -16831
1007 -16703
1006 -16576
1135 -16192
1135 -15936
1391 -14911
1519 -13376
1647 -11328
1902 -8639
2031 -5951
2030 -4543
2030 -3519
2030 -1984
2144 833
2528 3392
2656 4416
2656 4673
3041 5057
3296 5185
3553 4288
3681 2752
3936 1089
4335 -576
4718 -1983
5103 -4160
5230 -6592
5487 -9791
6127 -13375
6382 -17344
7023 -21056
7278 -24000
7791 -26687
8430 -30912
8813 -35391
9452 -38848
10092 -41408
10604 -43968
11372 -46783
12012 -49344
12909 -51520
13933 -53311
14828 -55487
15597 -57664
16493 -59967
17644 -61632
18797 -63039
19693 -63808
20844 -64192
22380 -65216
23663 -67135
25070 -69824
26734 -72383
28399 -73792
30063 -75327
31470 -78781
33262 -83389
35310 -87997
37358 -93374
39533 -99645
41709 -106302
44141 -113726
46700 -122046
49005 -130366
51823 -139070
54894 -148669
57582 -159421
60652 -170941
63981 -183359
67308 -195519
70895 -207168
74607 -219199
78316 -232639
82412 -247488
86637 -261439
90862 -274880
95342 -288958
99948 -303550
105068 -318141
110319 -333117
115439 -347710
121197 -363326
126828 -379327
132846 -396223
138990 -413120
145260 -430015
151789 -446783
158703 -463678
165999 -481598
173421 -501053
180973 -521790
188783 -543040
196972 -563647
205292 -585408
213871 -609088
222829 -634429
232174 -660157
241647 -687421
251628 -716222
261742 -746432
271981 -777792
282734 -810176
293740 -843198
305262 -877245
316909 -912703
328942 -949951
340974 -988096
353388 -1027773
366574 -1067709
379628 -1107901
392941 -1148735
406767 -1191487
421101 -1236030
435564 -1280189
450031 -1324351
464877 -1369152
480364 -1415101
495855 -1461309
511726 -1508031
527852 -1555392
544366 -1603262
561007 -1652029
577772 -1701568
595052 -1751231
612590 -1801150
630382 -1851069
648430 -1900991
666604 -1951936
684908 -2004158
703342 -2057663
722415 -2111551
741103 -2164542
759916 -2217918
779116 -2273215
798701 -2329663
818414 -2386110
837742 -2443711
857327 -2501951
877039 -2560829
896749 -2620477
916460 -2680256
936044 -2739902
955756 -2799806
975468 -2860224
995180 -2920384
1014638 -2981566
1033838 -3042240
1053038 -3102399
1072367 -3161150
1091439 -3219262
1110127 -3277631
1128428 -3336384
1146732 -3393214
1164397 -3448384
1182063 -3502144
1199214 -3555261
1216239 -3606846
1232749 -3656767
1248749 -3705152
1263983 -3752254
1279084 -3797950
1293677 -3841853
1307630 -3883455
1320941 -3923007
1333486 -3960253
1345772 -3995070
1357679 -4028222
1368428 -4059839
1378542 -4089791
1388012 -4117695
1396462 -4141759
1404140 -4163517
1411052 -4184510
1417070 -4203453
1422318 -4219838
1426541 -4234045
1429997 -4246078
1432429 -4256061
1433583 -4263230
1433966 -4267710
1433454 -4269246
1431663 -4267582
1429102 -4263357
1425388 -4256702
1420653 -4247101
1414892 -4234688
1407855 -4218688
1399919 -4198719
1390573 -4174911
1379822 -4148157
1368557 -4119358
1355631 -4086336
1341805 -4048447
1326831 -4007229
1310702 -3962301
1293549 -3913536
1275244 -3861184
1255791 -3804990
1235054 -3745469
1213167 -3682623
1190382 -3616190
1166190 -3545791
1140972 -3471552
1114733 -3393597
1087469 -3312191
1059310 -3227070
1029996 -3139775
999916 -3050430
968558 -2957760
936557 -2861117
903406 -2761151
869356 -2660029
834798 -2557119
798958 -2451390
762477 -2343487
724974 -2233791
687087 -2122557
648172 -2009279
608749 -1893694
568686 -1776320
528239 -1657407
486895 -1537086
445293 -1415488
403052 -1293247
360429 -1169470
317293 -1044032
273773 -916797
229871 -788030
185711 -658496
141423 -529215
96750 -399038
52078 -266431
7151 -132660
-37792 1359
-82463 135629
-127008 269388
-171167 402895
-215072 535373
-258848 666189
-302112 793423
-344863 920269
-387357 1048525
-429085 1176782
-470429 1303757
-511262 1429583
-551710 1553230
-591517 1674700
-630687 1793998
-669088 1912653
-706846 2029390
-743838 2143308
-780191 2254286
-815775 2363340
-850589 2470094
-884383 2573516
-917406 2674254
-949920 2772812
-981149 2868174
-1011360 2961228
-1040542 3050831
-1069086 3137101
-1096480 3219279
-1122847 3297740
-1148320 3373133
-1172510 3445582
-1195421 3515341
-1217821 3582413
-1239070 3645518
-1258653 3704271
-1277215 3760332
-1295007 3814350
-1311646 3865423
-1326878 3913039
-1341215 3957709
-1354527 3999692
-1366685 4038095
-1377567 4073423
-1387293 4105679
-1396000 4134734
-1403551 4160716
-1410205 4184013
-1415455 4205005
-1419807 4222924
-1423005 4237772
-1425310 4249165
-1426461 4256716
-1426591 4260813
-1425695 4263629
-1424160 4263756
-1421469 4259788
-1417629 4251853
-1413150 4241231
-1407773 4227534
-1401503 4210638
-1394077 4190927
-1386013 4168143
-1377312 4142924
-1367710 4115276
-1357472 4085324
-1346461 4052942
-1334944 4017998
-1322397 3980237
-1309728 3940172
-1296032 3898957
-1281822 3856463
-1267231 3812815
-1252383 3767245
-1236766 3718988
-1220766 3669838
-1204127 3620815
-1187360 3570765
-1170206 3519564
-1152670 3467598
-1135008 3415375
-1116959 3362252
-1098655 3308494
-1079710 3254607
-1061149 3199693
-1041950 3144524
-1022880 3089743
-1003551 3035086
-984224 2980428
-965021 2926030
-945566 2870863
-925981 2814156
-906400 2757453
-886815 2701775
-867360 2646605
-847902 2590541
-828701 2533326
-809118 2476367
-789790 2419532
-770975 2362319
-751903 2304719
-732959 2246860
-714143 2189517
-695581 2132686
-677534 2075982
-659358 2019916
-641181 1963724
-623519 1907407
-605984 1851980
-588703 1797069
-571678 1743950
-554910 1691983
-538656 1640268
-522399 1588173
-506144 1537103
-490525 1488591
-475165 1441486
-459936 1394509
-444957 1349069
-430366 1304398
-416416 1260367
-402461 1219276
-388765 1179341
-375328 1140045
-362526 1101646
-349600 1064527
-337438 1029197
-325152 995149
-313373 962252
-301983 929742
-290974 897358
-280223 865487
-269598 835917
-259360 808013
-249374 779852
-239519 751052
-230048 723023
-220958 696142
-212128 669262
-203677 642509
-195360 616525
-187168 590925
-179742 566092
-171936 542028
-164766 518479
-157982 495183
-151071 472014
-144286 449102
-137886 427086
-131744 406605
-126237 387277
-120349 368076
-114848 348236
-109727 329421
-104734 312652
-99741 297167
-95008 282190
-90784 267598
-86430 254286
-82078 241743
-78109 230095
-74528 218702
-70815 207823
-67359 198093
-64030 189261
-60701 181708
-57758 174925
-55069 168909
-52255 162765
-49440 156237
-46880 149837
-44576 144717
-42016 140877
-39968 136269
-37662 130893
-35613 125644
-33693 120783
-32029 115406
-30365 109519
-28702 103759
-27167 97999
-25631 92367
-24096 86863
-22559 81359
-21535 75470
-20383 69583
-19229 63182
-18077 57039
-17181 52175
-16158 47694
-15261 43214
-14238 37710
-13472 32590
-12959 28623
-12064 25422
-11168 22606
-10400 19791
-10016 17231
-9248 15695
-8735 14542
-8096 13391
-7967 12494
-7328 11855
-6687 11727
-6431 12495
-5919 14030
-5535 16078
-5280 17231
-4895 17614
-4512 17999
-4384 19790
-4256 22606
-3999 24270
-3488 24399
-3616 24654
-3232 24910
-3232 24654
-2719 23758
-2464 22350
-2208 20814
-2207 19407
-2080 17998
-1952 16463
-1567 14286
-1440 11342
-1440 8527
-1567 5582
-1440 3151
-1311 1486
-1169 -305
-1042 -3762
-913 -6705
-1042 -8370
-914 -9393
-786 -10161
-785 -11057
-785 -11057
-785 -11058
-913 -11057
-785 -10802
-657 -10290
-914 -9393
-786 -8113
-529 -6194
-402 -3762
-145 -817
-287 1486
-415 3278
-415 4814
-159 6862
-160 10318
-416 12878
-415 14031
-287 14542
-159 15567
-31 16079
-288 15695
-287 14798
-160 13646
-416 12622
-415 11727
-287 10447
-32 8783
-31 6592
97 3791
-32 847
-18 -945
-17 -2353
-17 -4145
-17 -6962
-146 -9905
-17 -11314
-146 -11968
110 -12722
-146 -13746
-145 -13873
-17 -13873
-273 -13105
-274 -12465
-18 -11954
-146 -11186
-146 -10176
111 -8241
-18 -5553
-17 -2353
-32 334
-160 2127
-287 3791
-32 5953
225 9409
225 11983
-31 13263
-32 13903
-31 14543
-32 14927
-31 14799
-32 14159
-32 13135
-32 12111
-31 11457
224 10319
-31 8655
-32 6208
96 3392
96 576
110 -1472
111 -2880
110 -4288
110 -7104
111 -9791
238 -11456
111 -12594
-146 -13233
-17 -13873
-17 -13873
-18 -13760
111 -13375
239 -12849
-18 -12480
111 -11584
110 -10417
-17 -8242
-145 -5682
-145 -2609
-17 -50
-159 1472
96 2895
-31 5327
-32 8768
97 11456
97 12751
-32 13647
-32 14414
-160 14927
-32 14657
224 14144
96 13120
96 12096
97 11201
225 9935
-31 8398
-160 5966
-159 3279
-32 591
-273 -1329
-17 -2879
238 -4273
-17 -6961
-17 -10033
-18 -11697
-18 -12480
110 -13233
-17 -14130
-146 -14271
239 -14144
111 -13617
-17 -12864
110 -12480
111 -11584
110 -10432
111 -8497
-17 -5937
-18 -2993
-273 -306
-160 1600
97 3279
-31 5326
-159 8399
-32 11072
97 12480
96 13377
224 14144
97 14784
96 14657
225 14016
97 12993
225 11968
96 11072
97 9934
-159 8399
-32 6223
-32 3406
-160 847
-273 -1330
-146 -2752
111 -4401
-18 -6833
-17 -9777
-17 -11825
-18 -12465
-17 -13105
-18 -13745
-18 -14001
-17 -14144
111 -13632
111 -13120
110 -12735
239 -12096
110 -10930
-145 -9024
110 -6592
111 -3648
111 -832
97 1216
97 2496
97 4815
-32 8271
-32 11073
225 12225
225 12992
97 13761
225 14528
96 14414
-159 13760
96 12608
96 11854
-159 10959
-32 9793
224 8256
97 6351
-31 3776
96 847
-18 -1472
110 -3249
-18 -4544
111 -6705
-17 -10033
-18 -11953
-17 -12849
-18 -13759
239 -14656
111 -14385
-18 -14001
-18 -13760
110 -13248
111 -12849
-18 -12223
238 -10943
494 -8895
239 -6464
111 -3648
111 -832
97 1216
97 2753
224 4672
96 8001
225 10703
-31 12239
-31 13007
-31 14017
225 14529
224 14401
224 13903
-31 12736
96 11855
-32 10831
-32 9792
97 8399
-32 6222
-159 3535
-31 719
-18 -1472
110 -3008
111 -4402
-146 -6833
-18 -9905
-17 -11825
-18 -12721
-17 -13106
-145 -13887
238 -14258
-146 -14257
-274 -14002
-145 -13120
111 -12850
-145 -12352
111 -11071
239 -9265
-18 -6578
-146 -3762
-145 -817
-31 960
96 2112
97 4288
96 7488
97 10433
225 11968
96 12623
-32 13647
-32 14401
224 14400
96 13903
-32 12879
-32 11855
-32 11072
96 10063
-31 8399
-31 6351
-31 3776
97 960
111 -1329
-18 -2737
-18 -4273
-18 -6848
111 -9792
111 -11569
-17 -12594
-146 -13248
110 -14016
110 -14272
111 -14130
-146 -13746
-145 -13105
-18 -12721
-17 -12081
-18 -11186
-145 -9265
-18 -6833
-17 -3904
110 -960
97 1231
-31 2752
97 4544
97 7617
225 10688
97 12239
-31 12992
97 13775
-31 14543
-32 14656
96 14159
-32 13135
-31 11983
-32 11087
-31 10176
97 8896
97 6849
224 4160
353 1217
238 -1201
-17 -2610
-146 -4031
238 -6336
366 -9407
238 -11456
110 -12209
-17 -13105
-17 -14144
110 -14514
-145 -14385
-18 -14001
-17 -13361
-18 -12721
-17 -12337
-17 -11313
-18 -9394
-146 -6833
-17 -4160
111 -1343
224 577
225 1999
-32 4175
-31 7375
-31 10177
225 11712
96 12623
-32 13632
96 14400
97 14528
96 13903
-32 12878
-160 12096
97 11200
96 10318
-160 8768
97 6592
352 3905
224 1088
111 -1344
111 -2623
238 -3776
111 -6208
110 -9152
110 -11455
239 -12351
239 -13120
110 -14002
-145 -14385
-17 -14400
110 -14257
-17 -13632
110 -12992
366 -12479
239 -11327
238 -9664
110 -7360
111 -4401
-17 -1344
97 719
-31 2254
-159 3791
-32 6734
-159 9934
-159 11456
97 12224
97 13263
-31 14272
96 14400
96 13888
96 12865
225 11969
224 11072
97 9920
96 8527
-32 6720
96 4160
97 1231
-18 -1202
-145 -2609
-18 -3776
110 -6336
111 -9536
110 -11697
-17 -12608
111 -13361
-18 -14016
110 -14783
239 -14655
238 -14272
110 -13760
111 -13119
238 -12465
-17 -11584
110 -9649
-18 -7360
111 -4416
366 -1471
224 577
225 2240
97 3776
97 6863
-32 10063
-31 11983
-31 12737
224 13377
224 14401
224 14401
225 13775
-31 12992
97 11968
96 11073
224 10063
-31 8911
-32 6990
-160 4175
-32 1600
111 -832
110 -2752
111 -4160
111 -6208
111 -9280
110 -11441
-17 -12352
110 -13248
111 -14144
111 -14655
238 -14528
110 -14015
238 -13504
110 -13247
238 -12465
-17 -11569
-17 -10033
-17 -7729
-18 -5056
110 -1728
96 590
-159 1742
-160 3151
-32 6208
97 9679
-31 11727
-31 12737
224 13633
225 14272
97 14529
224 14144
97 13249
225 12239
-32 11328
96 10304
96 8768
97 6848
97 4288
352 1600
111 -1088
111 -2880
111 -4145
-17 -6193
-18 -9408
111 -11328
366 -12223
239 -13119
238 -14015
494 -14527
495 -14399
239 -14144
110 -13503
239 -12864
110 -12480
111 -11840
111 -10304
110 -7616
110 -4529
-17 -1600
96 833
481 1985
225 3520
97 6351
-31 9664
97 11471
-32 12367
-31 13519
-32 14400
97 14272
96 14159
-32 13377
224 12097
225 11201
225 10177
225 8897
225 7119
-31 4559
-32 1344
111 -817
-18 -2240
111 -3648
111 -5696
110 -8640
111 -11583
239 -12351
238 -12977
-17 -13873
-17 -14385
-17 -14656
111 -14399
238 -14001
-17 -13362
-146 -12721
-17 -11825
-18 -10176
111 -7985
-17 -5184
110 -2225
-31 207
-32 1871
-32 3407
-32 6223
-32 9295
-32 11328
97 12225
224 13390
-160 14415
-31 14529
225 14016
97 13248
96 12097
225 11456
97 10703
-32 9295
-31 7104
97 4801
224 1871
-17 -576
111 -2368
111 -3647
238 -5312
110 -8384
111 -10815
239 -12096
111 -12864
111 -13874
-146 -14528
111 -14655
238 -14527
238 -14272
110 -13504
110 -12991
239 -12096
111 -10545
-17 -8241
-17 -5681
-17 -2609
-18 -191
224 1600
96 3151
-32 5711
-32 9039
-32 11328
96 12353
225 13504
97 14286
-160 14671
-288 14158
-159 13249
224 12096
353 11215
-32 10319
-32 9025
224 7233
225 4814
-159 2254
-145 -561
-18 -2225
-17 -3648
110 -5553
-18 -8370
-145 -11058
-146 -12480
110 -13233
-17 -13888
111 -14656
110 -14783
239 -14399
238 -13745
-18 -13490
-145 -13120
111 -12351
239 -10816
111 -8497
-17 -5696
110 -2737
-17 -305
-31 1216
97 2497
225 5312
96 8783
-31 10959
-31 11983
-32 12864
96 13903
-31 14272
96 13889
224 13120
97 12481
225 11456
97 10432
353 9152
96 7247
-32 4928
97 1985
238 -689
-18 -2496
110 -3519
238 -5056
367 -8256
366 -10943
239 -12096
110 -12721
-18 -13760
111 -14399
239 -14399
238 -14272
367 -13888
110 -13504
110 -12992
111 -12095
239 -10816
110 -8369
-18 -5568
110 -2752
111 -63
225 1473
225 2753
225 5313
224 8768
97 10944
96 11840
97 13006
-160 13888
97 14272
96 13889
224 13121
225 12225
225 11457
224 10560
97 9152
96 7745
224 5440
353 2511
-17 -319
238 -2240
110 -3264
111 -5169
-18 -7858
-146 -10432
111 -11840
111 -12593
-18 -13490
-146 -14514
-146 -14513
-18 -14016
110 -13504
111 -12864
110 -12480
111 -11840
111 -10801
-17 -8767
238 -5809
-17 -2880
110 -191
224 1344
96 2638
-159 5326
-160 8768
96 10831
-32 12096
96 13134
-159 13760
97 14286
-159 14031
-287 13262
-159 12495
-32 11584
96 10560
96 9536
96 7759
-32 5967
-31 3023
-18 -192
111 -1855
239 -3136
111 -4672
111 -7744
111 -10289
-17 -11840
111 -12594
-145 -13361
-17 -14144
110 -14528
110 -14257
-18 -13760
366 -12992
110 -12722
-145 -11839
239 -10560
111 -8753
-18 -6065
-18 -3250
-146 -690
-159 975
-31 2496
97 4801
224 8256
96 10816
97 11969
224 13120
97 13760
97 14016
96 13888
353 12992
96 12097
225 11200
96 10561
224 9281
225 7616
97 5568
97 2752
96 64
110 -1969
-17 -3377
-17 -5161
