111 -8256
367 -12096
110 -14784
110 -16049
-17 -16689
-17 -17728
110 -18624
367 -18496
367 -17984
111 -17201
-17 -16177
-17 -15168
110 -14016
110 -12224
366 -9152
111 -5170
-145 -1074
-159 1743
-32 3407
-32 5185
225 8896
96 13376
96 15937
225 16833
224 17743
-31 18639
-31 19151
-32 18511
-31 17088
97 15552
97 14273
225 12992
353 11456
352 9280
97 5824
96 2113
238 -1471
238 -3775
238 -5297
-18 -7602
-146 -11712
110 -15039
239 -16191
238 -16576
110 -17856
110 -18880
110 -18880
111 -18240
110 -17343
238 -16305
-18 -15537
-17 -14385
-17 -12593
-17 -9792
111 -5951
239 -1856
352 1359
-31 3279
-32 4928
97 8384
96 12864
97 15567
-31 16577
225 17600
97 18639
-31 18881
225 18112
97 17089
225 15552
96 14144
97 12737
225 10944
352 9025
224 5967
-32 1871
-17 -1841
-18 -4032
110 -5568
366 -7872
367 -11569
-18 -15039
238 -16576
111 -17216
111 -17984
367 -19008
110 -19121
-18 -18623
238 -17600
366 -16575
239 -15665
-17 -14656
110 -13247
238 -10175
239 -6463
238 -2225
-32 1089
224 2880
96 4416
96 8000
96 12352
96 14913
224 15936
353 17089
225 18113
225 18624
97 18369
224 16961
224 15424
352 14144
97 12737
225 11201
225 9153
225 6081
225 2240
366 -1471
238 -4032
111 -5695
239 -8000
110 -11697
-17 -15168
111 -16447
239 -17202
-145 -18496
110 -19135
239 -18994
-145 -18738
-146 -18098
-145 -17215
239 -16192
110 -15025
-18 -13248
111 -10560
367 -6976
367 -2880
97 704
97 2496
353 4288
353 7360
353 11968
353 14785
224 15937
225 17088
353 18369
224 18767
-31 18112
96 17216
97 15567
-31 14272
96 12879
-31 11200
96 9024
96 6223
-31 2767
-18 -1215
238 -3775
238 -5298
-146 -7345
-18 -11185
-18 -15040
111 -16448
110 -17088
111 -17983
238 -19122
-146 -19633
-18 -18880
111 -17969
-18 -16832
111 -15935
239 -14912
110 -12992
111 -10290
-145 -6976
111 -3136
96 591
-31 2767
-32 4416
353 7617
224 12097
224 15183
-32 15936
97 17088
97 18113
225 18625
225 18369
224 17472
353 16065
225 14529
225 13248
96 11598
-159 9678
-159 6849
224 3151
-17 -576
366 -3008
367 -4672
111 -6719
238 -10431
239 -14399
239 -16192
110 -16831
239 -17969
-18 -18865
-17 -18993
-17 -18752
110 -17855
238 -16832
110 -16064
110 -14784
110 -12978
-146 -10161
-18 -6833
-273 -2865
-31 449
225 3008
353 4544
97 7631
-32 11841
224 15168
353 16064
352 16961
225 18113
225 18624
97 18112
96 17231
-31 16064
96 14656
97 13262
-159 11712
96 9551
-32 6735
-32 3136
111 -576
111 -3392
111 -5184
111 -6961
-18 -10432
110 -14272
110 -16064
110 -16832
111 -17984
110 -18879
239 -19007
239 -18751
238 -18111
239 -16960
110 -16064
110 -14784
110 -13247
238 -10688
111 -7488
111 -3392
97 192
353 2497
224 4161
225 6849
224 11328
353 14543
-32 15951
-31 16832
96 17728
97 18383
-32 18496
96 17743
-31 16334
-160 14671
-32 13376
97 11968
97 9935
-31 6862
-160 3136
111 -575
238 -3250
-145 -5169
-274 -6833
-17 -10289
-17 -14143
239 -16447
238 -17088
111 -17984
111 -19008
110 -19136
110 -18623
239 -17983
238 -17088
110 -16064
111 -15167
238 -13489
-18 -10944
110 -7872
110 -3775
224 64
97 2511
-31 4047
-32 6976
96 11073
225 14529
224 15936
352 16705
224 17743
-32 18511
-31 18383
-32 17472
96 16192
97 14785
225 13504
96 11855
-31 9920
97 7104
97 3264
111 -320
111 -3121
-17 -4928
110 -6833
-18 -10176
111 -13887
238 -16064
111 -16959
239 -17984
110 -18865
-17 -19264
111 -19007
239 -18225
-17 -17215
238 -16575
238 -15552
111 -13888
110 -11456
111 -7999
239 -3904
366 -704
353 1729
224 3649
224 6464
96 10831
-32 14415
-31 15808
97 16591
-32 17729
225 18368
97 18368
97 17344
96 15936
352 14656
352 13633
225 11968
353 9920
352 7247
-32 3648
110 -192
110 -3250
-145 -4913
-18 -6577
-18 -9664
111 -13888
110 -16049
-18 -16817
-18 -17856
111 -18993
-17 -19520
110 -19135
239 -18225
-17 -17216
110 -16319
238 -15281
-18 -13745
-18 -11456
111 -8256
110 -4288
111 -576
96 2112
353 3777
225 6080
96 10304
96 14400
97 16065
225 16832
97 17856
97 18895
-32 18767
-31 17856
97 16576
96 15183
-31 13760
97 12494
-159 10432
97 7887
-31 4288
97 449
239 -2623
239 -4416
111 -6193
-17 -9521
-18 -13233
-17 -15665
-18 -16832
110 -17600
111 -18737
-17 -19250
-146 -19136
110 -18368
110 -17329
-17 -16177
-18 -15281
-17 -13632
110 -11455
239 -7999
239 -4145
-18 -448
97 2240
96 3904
97 6094
-159 10191
-31 14273
225 16065
224 16704
352 17729
225 18639
-32 18766
-160 17984
353 16832
97 15055
-31 13760
96 12608
96 10816
97 8143
-32 4687
-32 847
-18 -2225
-17 -4145
-17 -5937
-17 -9010
-145 -13120
110 -15808
111 -16704
110 -17599
239 -18495
238 -18880
111 -18993
-17 -18240
111 -17215
239 -16448
110 -15281
-17 -13888
110 -11712
110 -8384
111 -4657
-17 -561
-31 1984
96 3392
96 5952
96 9807
-31 14016
97 15809
225 16577
224 17743
-31 18639
-287 18639
-32 17985
224 16449
225 15040
353 14017
480 12608
353 10432
97 8143
-32 4687
-32 832
110 -2496
110 -4800
110 -6336
111 -9279
239 -13376
110 -16063
239 -16960
111 -17728
110 -18865
-18 -19648
111 -19520
366 -18880
366 -17855
238 -16831
238 -15551
239 -14400
367 -12095
238 -9152
111 -5440
111 -1344
97 1472
96 3137
225 5313
225 9423
-31 13249
225 15297
225 16335
-32 17487
-32 18496
97 18368
97 17600
97 16321
224 14927
-32 13377
224 12097
224 10561
225 7873
225 4545
224 576
110 -2496
110 -4529
-18 -6321
-17 -9024
111 -13105
-17 -15936
110 -17073
-18 -17856
110 -18609
-17 -19505
-18 -19391
239 -19008
111 -17713
-17 -16690
-145 -15921
-17 -14400
111 -12351
239 -9280
111 -5695
238 -1727
225 1473
225 3520
96 5440
97 9408
96 13376
97 15296
97 16334
-160 17487
-32 18497
224 18752
96 17998
-159 16590
-159 15311
-288 13903
-32 12367
-31 10688
96 8256
352 5184
353 1216
111 -2097
-18 -4274
-145 -5937
-17 -8753
-18 -12992
110 -15793
-17 -16960
110 -17600
110 -18624
111 -19520
110 -19392
366 -18623
238 -17599
238 -16575
238 -15551
239 -14400
110 -12465
-17 -9265
-17 -5681
-17 -1856
97 1231
-31 3279
-32 5184
97 8896
97 13007
-32 15425
224 16192
97 17614
-160 18752
97 18881
224 17999
-32 16704
96 15168
97 14017
225 12750
-160 11072
96 8526
-159 5326
-160 1614
-146 -1728
111 -3904
111 -5937
-18 -8626
-145 -12593
-18 -15808
111 -16960
110 -17344
367 -18752
367 -19520
111 -19264
111 -19008
111 -17969
-18 -16832
110 -16064
110 -14528
366 -12479
239 -9791
239 -5952
111 -1855
225 1217
224 3392
96 5198
-159 8640
96 13135
-32 15439
-31 16321
224 17217
225 18127
-31 18383
-287 17615
-287 16832
97 15297
224 13888
96 12623
-31 10944
97 8385
224 5185
225 1487
-17 -2097
-17 -4401
-17 -5952
110 -8113
-17 -12081
-18 -15552
110 -16831
238 -17343
239 -18481
-18 -19377
-17 -19263
238 -18624
110 -17856
111 -16689
-18 -15808
110 -14784
111 -13119
239 -10047
238 -6065
-17 -2111
224 1089
225 3008
97 4800
97 8384
97 12751
-31 15297
224 16193
225 17345
224 18753
225 18880
97 18112
96 17231
-32 15680
97 14272
96 12864
96 11328
97 9152
96 5967
-32 2126
-146 -1457
-18 -4018
-146 -5568
111 -7744
110 -11712
110 -15040
367 -16447
238 -17343
495 -18239
238 -19121
-17 -19264
110 -18624
110 -17856
111 -16704
367 -15935
238 -14528
110 -12736
110 -9919
238 -6336
110 -2239
225 961
225 3009
225 4800
97 8398
-159 12495
-31 15296
96 16449
225 17345
224 18752
96 19023
-32 18496
97 17345
225 15567
-31 14286
-159 13007
-32 11584
97 9665
225 6336
97 2496
111 -1087
238 -3520
110 -5041
-18 -7360
110 -11185
-18 -14769
-17 -16177
-17 -16960
111 -17984
111 -19008
366 -19135
494 -18880
367 -17728
110 -16832
111 -16191
238 -15040
367 -13120
366 -10431
494 -6591
239 -2624
353 705
480 2625
224 4160
353 7361
224 12096
96 15168
97 16320
97 17088
96 18240
352 18496
608 17985
480 16961
480 15424
352 13633
480 12352
353 10944
352 8768
353 5568
609 1729
750 -1984
622 -4544
367 -6463
495 -8512
623 -12351
495 -16448
878 -18367
750 -18879
751 -19776
878 -20927
750 -21440
878 -21439
1007 -20799
1006 -19903
1262 -19136
1390 -18112
1390 -16832
1646 -14528
1646 -11199
1775 -7488
1903 -4416
1902 -2751
2031 -1344
2400 1344
2145 5569
2528 8000
2913 8641
3041 9152
3169 9408
3425 9153
3808 8000
3936 6209
4065 4032
4449 1729
4847 -832
5231 -3136
5742 -6336
5998 -10688
6255 -15423
6895 -20288
7535 -24128
8046 -27327
8431 -30783
8684 -36288
9324 -41408
10092 -45247
10733 -47679
11501 -50495
12269 -53568
12909 -56128
13676 -58048
14445 -59712
15725 -61504
16748 -63423
17900 -65215
18671 -66624
19822 -67263
21230 -67264
22383 -66879
23791 -67136
25198 -69055
26607 -71744
28014 -73408
30063 -73791
31726 -75454
33391 -79422
35439 -84285
37359 -89150
39535 -94525
41709 -101182
44141 -109118
46701 -117822
49261 -126526
52078 -135614
54639 -145213
57583 -155966
60524 -168125
63724 -180928
67436 -194496
70766 -207295
74479 -219711
78316 -232896
82284 -248000
86638 -264128
90990 -278719
95471 -292669
99821 -307262
105068 -322493
110318 -337598
115310 -352702
120940 -368061
126700 -383679
132590 -399808
138862 -416704
145260 -433599
152045 -450368
158831 -467005
165870 -483774
173420 -501950
181101 -521789
188654 -542656
196717 -563775
205293 -583999
214254 -605887
223213 -630846
232303 -656957
241902 -683453
251629 -711229
261870 -741312
272237 -772672
282991 -805440
294253 -839230
305519 -873789
316908 -909247
328686 -946112
341102 -984768
353644 -1024958
366702 -1066430
379756 -1107901
393196 -1149119
407022 -1191360
421229 -1236542
435565 -1282621
450287 -1327679
465133 -1372480
480365 -1418301
496111 -1465405
511982 -1512384
528236 -1559487
544492 -1607358
561262 -1655742
578158 -1704895
595436 -1754304
612717 -1804094
630383 -1854013
648430 -1903807
666605 -1953599
685036 -2004414
703598 -2057151
722159 -2110783
741102 -2163901
760044 -2215870
779372 -2269375
798702 -2325440
818031 -2382142
837486 -2439103
857071 -2496575
877037 -2555198
896877 -2615102
916588 -2675391
936172 -2735549
955885 -2795582
975469 -2855743
995055 -2916160
1014382 -2977469
1033711 -3038784
1053038 -3100607
1072367 -3160893
1091310 -3219389
1109998 -3277760
1128300 -3336640
1146477 -3395134
1164396 -3451328
1182062 -3505088
1199215 -3558206
1216110 -3610557
1232620 -3660991
1248748 -3709632
1263983 -3756349
1278959 -3801149
1293805 -3844926
1308014 -3887040
1321324 -3926463
1333999 -3963453
1346286 -3997886
1357678 -4029885
1368300 -4060096
1378415 -4089151
1387756 -4116672
1396334 -4141503
1404141 -4162366
1411181 -4181309
1417454 -4199613
1422574 -4215998
1426540 -4229821
1429997 -4241213
1432557 -4250685
1433837 -4258110
1434222 -4262846
1433711 -4265021
1432046 -4263870
1429356 -4259774
1425517 -4252989
1420781 -4243774
1414764 -4231872
1407855 -4217152
1399918 -4198336
1390701 -4174911
1380079 -4148542
1368685 -4119870
1355631 -4088384
1341804 -4051903
1326831 -4010557
1310701 -3966013
1293292 -3918015
1274861 -3865920
1255534 -3809981
1234926 -3750078
1213038 -3686591
1190126 -3619517
1166062 -3549376
1141103 -3475519
1114861 -3397694
1087597 -3315520
1059438 -3229629
1030381 -3140928
1000044 -3050173
968942 -2957503
936684 -2861246
903535 -2760255
869613 -2657085
834797 -2553407
798958 -2447805
762348 -2339519
725230 -2228928
687214 -2117310
648557 -2004031
609005 -1889342
568687 -1772608
527983 -1654080
487022 -1533629
445421 -1412160
403052 -1289919
360173 -1166653
317164 -1042879
273901 -916797
230126 -788414
185967 -659008
141679 -530239
97007 -401214
52078 -270015
7151 -136500
-37777 -2865
-82717 130765
-127263 264396
-171424 397646
-215455 530381
-258848 662093
-302112 789839
-344862 916557
-387101 1044684
-429214 1172815
-470557 1300428
-511134 1427278
-551582 1552206
-591517 1674445
-630815 1793999
-669215 1912012
-706974 2030158
-743837 2145741
-780319 2257615
-815903 2366668
-850590 2473806
-884384 2577999
-917533 2678990
-949919 2777548
-981149 2872782
-1011360 2964812
-1040798 3054158
-1069213 3140300
-1096607 3222991
-1122847 3301324
-1148317 3375820
-1172637 3446735
-1195805 3515084
-1217693 3581389
-1238558 3645263
-1258525 3704015
-1277471 3758541
-1295135 3811022
-1311646 3861839
-1326621 3909583
-1341216 3953484
-1354398 3994700
-1366430 4033359
-1377568 4069199
-1387294 4101710
-1395871 4130767
-1403680 4157004
-1410206 4180300
-1415328 4201037
-1419808 4219468
-1423006 4235340
-1425310 4248397
-1426461 4256972
-1426848 4261453
-1425952 4263756
-1424288 4264781
-1421343 4262860
-1417630 4255564
-1413022 4244558
-1407645 4231630
-1401248 4215886
-1394079 4196303
-1386270 4173646
-1377439 4147916
-1367710 4119884
-1357472 4089420
-1346462 4056911
-1334815 4021967
-1322526 3984205
-1309471 3943884
-1296286 3901005
-1282077 3857102
-1267616 3812686
-1252255 3767244
-1236894 3718988
-1220766 3668302
-1204128 3617615
-1187616 3567436
-1170589 3516109
-1152797 3463630
-1134751 3410639
-1116959 3357645
-1098528 3304527
-1079838 3250766
-1061278 3196237
-1042461 3141325
-1023264 3086158
-1003679 3031503
-984352 2977100
-965021 2923470
-945566 2869326
-925854 2814284
-906400 2757964
-886944 2702158
-867232 2647628
-847773 2593228
-828318 2537039
-809246 2479951
-789789 2423500
-770720 2366799
-751904 2309711
-732959 2252237
-714016 2194253
-695582 2136655
-677149 2080207
-658974 2024013
-641055 1968077
-623135 1911759
-605727 1855437
-588576 1799245
-571421 1744335
-554782 1691470
-538271 1640140
-522144 1588300
-506015 1535694
-490142 1485390
-475037 1437647
-460064 1391180
-445086 1345100
-430493 1300174
-416159 1255887
-402206 1215052
-388765 1175757
-375584 1136461
-362270 1098062
-349599 1060814
-337565 1025229
-325151 991692
-313502 959564
-302240 928334
-290974 897102
-279968 865870
-269470 835661
-259359 808396
-248989 782029
-239390 754253
-230175 726222
-221086 699726
-212127 673998
-203421 647885
-195104 621644
-187039 595661
-179229 570317
-171807 545997
-164637 522190
-157342 499023
-150816 475471
-144414 452175
-138013 428751
-131871 406733
-125981 386508
-120222 367436
-114848 347980
-109728 328012
-104605 309708
-99743 293327
-95263 277966
-90784 263246
-86429 249295
-81949 236495
-78111 224975
-74528 214350
-70815 203982
-67486 194124
-64157 185037
-60957 177356
-58013 170957
-54814 165964
-52128 161357
-49440 156236
-46751 149965
-44320 144460
-41888 141132
-39839 138701
-37663 134093
-35614 128845
-33822 123982
-32158 119375
-30237 114382
-28829 108494
-27294 102222
-25504 96079
-24096 90446
-22943 84943
-21536 79438
-20384 73039
-19231 66255
-17949 58831
-17181 52174
-16029 47054
-15006 42574
-14237 37071
-13344 30543
-12319 24783
-11807 21454
-11423 18383
-10527 15310
-9888 12622
-9376 10830
-8863 9423
-8223 8654
-7583 8142
-7071 7375
-6688 7246
-6304 7758
-5791 9679
-5407 12494
-5280 15694
-4767 17615
-4384 18255
-4128 19279
-3871 22222
-3743 25806
-3488 27471
-3104 27726
-2975 28110
-2720 28750
-2719 28367
-2592 26958
-2464 25422
-2207 23502
-1951 21711
-2080 19791
-1823 17615
-1312 14926
-1184 11087
-1311 7118
-1183 3278
-1183 463
-1042 -1458
-913 -4146
-1170 -8369
-1041 -11825
-786 -13234
-657 -14130
-913 -15410
-914 -16562
-657 -16690
-658 -16049
-785 -15154
-657 -14386
-657 -13873
-530 -12465
-530 -10673
-530 -7602
-401 -4146
-401 -305
-287 3022
-415 4558
-159 6350
-159 10190
-159 14798
-160 17230
-159 17870
-159 19150
-416 20047
-287 20430
-160 19790
-159 18639
-288 16719
-32 15439
-32 14158
-160 12622
-415 10191
-31 7119
-32 3136
111 -575
238 -2993
-17 -4658
-145 -7217
-18 -11185
-18 -14514
-145 -15922
-145 -16704
110 -17855
238 -18624
110 -18623
238 -18098
-145 -17216
111 -16191
238 -15296
110 -14001
-18 -12480
111 -9535
238 -5568
366 -1471
225 1728
97 3790
-159 5582
-159 8911
-31 13504
97 16321
224 17472
96 18240
96 19279
-32 19790
-160 19535
-31 18112
97 16576
96 15168
97 13775
-32 12110
-159 9678
-160 6479
-32 2895
-17 -562
-146 -2994
-145 -4657
-273 -6961
-17 -10816
111 -14143
238 -15807
239 -16703
238 -17855
239 -18752
111 -18752
111 -17984
110 -17343
239 -16448
366 -15537
-18 -14002
-146 -12209
-17 -9521
-273 -5937
-17 -1841
-31 1472
96 3663
-32 5710
-160 9039
-31 13519
-31 16576
96 17216
97 18127
-32 19264
97 19919
-31 19663
-31 18383
-32 16975
-31 15566
-160 13888
97 12224
96 10048
97 7375
-32 3407
-18 -433
-18 -2752
110 -4530
-146 -6848
111 -10559
239 -14143
238 -15808
111 -16704
111 -17472
110 -18368
111 -18752
111 -18495
239 -17728
110 -16576
111 -15665
-17 -14400
110 -12722
-145 -10034
-145 -6449
-17 -2097
-31 1231
-31 3520
96 4942
-159 8398
-159 13007
-31 16064
97 17103
-31 18127
-31 19392
96 20047
-31 19662
-159 18625
224 17231
-32 15424
97 14016
97 12495
-32 10575
-31 7360
97 3520
111 -561
-18 -3008
110 -4543
238 -6577
-18 -10417
-17 -14129
-17 -15680
110 -16049
-18 -17329
-17 -18496
111 -18993
-17 -18495
238 -17599
238 -16576
111 -15423
239 -14143
239 -12351
239 -9791
239 -6464
110 -2495
224 1089
225 3279
-31 5056
96 8257
224 12864
97 16079
-32 17230
-160 17984
97 19136
96 19776
97 19393
224 18241
224 16975
-31 15566
-160 14158
-160 12367
-32 10305
225 7361
224 3649
238 -192
110 -3007
238 -4529
-17 -6463
239 -10304
366 -14015
238 -16064
111 -16689
-17 -17713
-17 -18738
-145 -19007
239 -18495
238 -17856
111 -16703
238 -15807
239 -14656
111 -12864
111 -10304
111 -6976
110 -3008
96 577
224 2880
96 4672
97 7360
96 12096
97 15553
225 16577
224 17728
353 18880
352 19521
225 19137
224 17984
353 16833
224 15424
97 14031
-31 12224
97 10176
96 7232
352 3919
-32 78
-145 -2624
110 -4288
367 -6207
239 -10047
238 -14272
111 -16177
-18 -17073
-274 -18097
-274 -18865
-18 -19135
238 -18879
239 -18239
238 -17088
111 -16192
110 -15040
110 -13490
-146 -10944
111 -7217
-18 -2994
-159 448
97 2767
-32 4687
-32 7232
96 11584
352 15169
225 16576
96 17473
224 18497
224 19777
224 19520
96 18240
96 16961
224 15425
224 14145
224 12608
96 10560
97 7375
-31 3790
-145 -50
-146 -2993
-18 -4529
-17 -6464
111 -10047
238 -14271
239 -16191
238 -17088
111 -17969
-17 -19263
238 -19392
111 -18994
-145 -18225
-17 -17201
-18 -16320
111 -15168
111 -13617
-18 -10929
-17 -7488
111 -3647
239 -64
352 2624
353 4288
353 6849
224 11328
97 15041
225 16321
224 16974
-159 18112
96 19009
225 18880
97 18112
97 16591
-32 15425
225 14017
225 12751
-32 10574
-160 7232
97 3776
96 79
-17 -2865
-18 -4785
-18 -6577
-17 -10048
366 -14271
495 -16177
-18 -16817
-17 -17969
-17 -19249
-17 -19776
110 -19377
-18 -18609
-17 -17458
-145 -16448
111 -15424
110 -14001
-17 -11328
110 -7872
110 -4032
366 -704
96 2112
96 3904
96 6479
-31 10958
-159 14542
-160 16192
97 17088
97 18383
-32 19279
-32 19023
-31 17856
96 16705
225 15296
97 14031
-31 12480
96 10305
224 7745
224 4175
-32 334
-146 -2737
-18 -4529
-17 -6193
-17 -9279
239 -13376
111 -15936
110 -17073
-18 -17856
111 -18993
-17 -19505
-17 -19249
-18 -18609
-17 -17472
111 -16703
238 -15537
-18 -13760
111 -11584
110 -8369
-18 -4287
238 -447
225 1984
97 3791
-31 6095
-32 10319
-31 14543
-32 16207
-288 17216
97 18112
352 19023
-31 18894
-159 18127
-32 16719
-31 14785
225 13505
225 12481
224 10817
224 8256
96 4431
-31 193
238 -2752
111 -4672
110 -6336
110 -9393
-18 -13760
111 -16448
111 -17216
110 -18111
238 -19377
-18 -19904
110 -19648
110 -18865
-17 -17969
-17 -16945
-17 -15922
-145 -14129
-17 -11825
-18 -8896
110 -4785
-18 -946
-159 1999
-32 3393
225 5568
353 9920
96 13903
-31 15823
-31 16847
-31 17856
96 19023
-32 18766
-159 17871
-31 16577
224 15183
-32 13888
97 12480
97 10432
96 8000
352 4672
96 591
-17 -2880
110 -5056
111 -6464
110 -9394
-146 -13745
-18 -16306
-146 -17073
-18 -17856
110 -19136
111 -20032
111 -19761
-18 -19122
-146 -18097
-17 -16946
-145 -15922
-145 -14641
-18 -12465
-273 -9266
-146 -5297
-17 -1329
-32 1359
-32 3136
96 5199
-31 9167
-31 13504
96 15695
-31 16591
-32 17729
225 18625
224 18767
-31 17871
-31 16847
-32 15182
-160 13888
97 12480
96 10560
96 8000
96 4687
-32 832
111 -2367
238 -4544
110 -6080
110 -8881
-18 -13233
-18 -16049
-17 -16960
111 -17728
110 -18880
110 -19904
110 -19648
111 -18751
238 -17841
-274 -16817
-17 -15921
-17 -14400
110 -12479
239 -9023
495 -5184
110 -1216
96 1600
97 3520
97 5568
97 9408
96 13633
224 15680
96 16448
96 17742
-159 18895
-32 19009
224 18241
224 17216
97 15808
96 14400
96 13120
97 11200
97 8640
353 5312
96 1358
-146 -1969
-17 -4401
-17 -6193
-18 -8881
-17 -12849
-17 -15921
-17 -16945
-18 -17856
111 -18751
238 -19392
110 -19392
367 -18752
111 -17984
111 -16960
110 -15793
-18 -14514
-146 -12465
-17 -9266
-146 -5297
-18 -1202
-160 1600
96 3393
224 5454
-159 9152
96 13376
96 15680
97 16591
-32 17729
225 18880
352 19009
224 18753
225 17344
96 15681
224 14400
97 12992
96 11343
-32 9039
-31 5568
97 1472
111 -2097
-18 -4017
-18 -5567
239 -8255
238 -12465
-18 -15552
110 -16817
-17 -17727
238 -18879
239 -19776
110 -19648
366 -18879
238 -17855
239 -16960
110 -16049
-17 -14641
-18 -12465
-17 -9777
-18 -6066
-146 -1969
-32 1358
-160 3136
96 5198
-159 8911
-31 13504
97 15808
97 16591
-32 17472
97 18383
-31 18880
96 18241
225 16833
225 15809
224 14657
224 13120
97 11215
-31 8911
-32 5952
96 1600
111 -1841
-17 -4146
-145 -5681
-17 -8511
239 -12352
110 -15808
111 -17215
238 -17856
110 -19136
110 -19648
110 -19377
-18 -18880
111 -17969
-17 -16945
-18 -16049
-18 -14770
-145 -12863
239 -10048
367 -6464
111 -2111
224 1103
-31 3023
-32 4928
96 8512
97 13248
96 15695
-31 16576
96 17472
96 18752
96 19008
352 18497
224 17216
96 15681
225 14016
97 12736
96 11329
224 9024
96 5711
-31 1985
238 -1472
111 -4159
239 -5695
239 -8256
366 -12479
239 -15679
238 -17088
110 -17856
111 -19008
110 -19648
110 -19648
110 -19135
238 -18112
111 -16960
110 -16064
110 -14783
238 -12977
-18 -10162
-145 -6193
-18 -1984
97 1231
-32 3151
-31 5071
-288 8783
-31 13248
97 15808
96 16719
-31 17856
97 19151
-32 19264
97 18624
97 17871
-32 16207
-32 14927
-31 13760
96 12096
97 9679
-32 6222
-160 2624
110 -960
110 -3520
111 -4927
239 -7232
110 -11441
-17 -14642
-145 -16178
-145 -17216
110 -18367
239 -19249
-18 -19121
-18 -18624
111 -17969
-17 -16690
-145 -15666
-146 -14528
111 -12864
110 -9919
239 -6207
239 -2111
224 1359
-31 3265
225 5057
225 8385
224 12865
225 15808
96 16960
97 18112
353 19137
225 19648
97 19136
96 17984
97 16335
-32 15168
96 13888
96 12352
96 10305
224 6977
224 2880
110 -960
110 -3520
110 -5056
111 -7232
366 -11200
111 -14642
-145 -16177
-18 -16832
111 -18239
239 -19264
111 -19264
111 -18752
111 -17969
-17 -16704
110 -16063
239 -14897
-17 -12849
-18 -10175
239 -6464
110 -1984
97 1216
96 3137
225 4815
-32 8015
-31 12480
96 15695
-32 16705
225 17871
-32 19023
-32 19520
96 19008
96 17984
96 16704
96 15169
225 13505
225 12239
-31 9935
-31 6863
-32 3150
-145 -817
-17 -3392
111 -4878
