224 320
367 -2623
238 -4032
111 -5695
239 -9535
238 -14016
110 -16320
110 -16832
111 -17969
-18 -18879
239 -19519
239 -19008
110 -18097
-18 -17088
111 -16191
239 -15167
238 -13745
-18 -11455
239 -8000
110 -3761
-32 65
224 2625
225 4288
97 6848
96 11343
-32 14912
97 16334
-160 17216
96 18497
480 19776
352 19521
225 18625
225 17089
224 15425
481 14273
224 12865
225 10689
225 7873
224 4416
96 320
110 -2752
110 -4529
-18 -6080
367 -9536
111 -13631
238 -16064
110 -17073
-17 -17727
239 -19008
110 -19377
-17 -19007
239 -18239
238 -17088
110 -16320
110 -15552
366 -14015
239 -11584
110 -7872
111 -3648
96 79
-31 2511
-32 4160
97 6593
225 11200
353 15297
225 17089
225 17871
-32 18752
96 19791
-32 19791
-31 18880
96 17231
-32 15680
97 14529
224 13121
224 11328
96 8256
97 4801
225 705
239 -2368
111 -4160
110 -6080
110 -9137
-18 -13248
110 -15808
111 -16960
111 -17727
239 -18752
110 -19135
239 -18993
-18 -18368
110 -17088
111 -16192
110 -15295
238 -14016
111 -11584
111 -8241
-17 -4145
-17 -64
96 2112
97 3791
-31 6592
353 10945
224 14656
97 16335
-31 17359
-31 18639
-31 19663
-31 19663
-31 18625
224 16961
225 15553
224 14401
224 12864
97 11200
97 8384
96 4928
97 719
-18 -2481
-17 -4416
110 -6321
-17 -9265
-17 -13375
238 -16049
-18 -16832
111 -17728
367 -18751
238 -19392
367 -19008
366 -18368
110 -17088
111 -16192
367 -15168
110 -14016
110 -11711
238 -8128
111 -4160
111 -319
481 2240
352 3904
352 6465
224 10575
-32 14670
-159 16320
97 17344
353 18881
224 19776
97 19406
-159 18639
-32 17217
224 15680
96 14657
225 13263
-32 11599
-31 8896
96 5184
96 1359
-17 -1842
-145 -3889
-18 -5553
-18 -8625
-17 -12849
-17 -15410
-146 -16562
-145 -17457
-18 -18624
367 -19264
110 -19136
110 -18367
238 -17344
111 -16191
238 -15295
238 -14272
110 -12223
239 -9023
238 -4799
239 -832
96 1871
-32 3904
352 5953
225 10176
97 14273
225 16064
97 16833
225 18368
352 19521
225 19648
96 19009
224 17728
353 16335
-31 14798
-159 13518
-160 11599
-32 9024
96 5441
225 1472
366 -1984
110 -4018
-145 -5681
-18 -8625
-17 -12607
239 -15680
111 -16704
110 -17600
110 -18624
111 -19250
-145 -19250
-145 -18226
-145 -17201
-18 -16561
-18 -15552
110 -14271
238 -11968
366 -8640
110 -5041
-17 -1073
-32 2112
97 3791
-32 5697
225 9920
96 14144
96 16192
97 16832
96 17984
96 19008
97 19392
96 18767
-32 17472
96 15937
225 14528
97 12993
225 11457
225 8896
96 5441
224 1600
111 -1855
238 -4031
238 -5568
366 -8128
367 -12351
238 -15552
110 -16561
-18 -17330
-145 -18481
-18 -19136
111 -19264
366 -18623
239 -17216
110 -16319
238 -15807
238 -14272
110 -11968
110 -9152
110 -5567
239 -1344
352 1600
97 3520
97 5568
96 9550
-159 13760
97 16065
224 17216
96 18255
-31 19151
-31 19648
96 19023
-32 17742
-160 15951
-31 14543
-31 13248
97 11712
97 9152
96 5696
97 1742
-146 -1970
-146 -4288
111 -5696
111 -8241
-18 -12224
111 -15423
238 -16561
-17 -17457
-18 -18624
110 -19392
110 -19136
111 -18481
-17 -17472
110 -16576
111 -15665
-18 -14528
110 -12480
111 -9521
-18 -5567
238 -1472
96 1615
-32 3663
-32 5440
97 9167
-31 13519
-31 16079
-32 16704
96 17985
225 19137
225 19392
97 18624
97 17344
96 15694
-160 14401
225 12993
224 11328
96 9039
-31 5824
96 1857
239 -1856
111 -4159
239 -5440
110 -8128
110 -12223
238 -15296
110 -16832
110 -17600
111 -18751
239 -19263
494 -19392
111 -18751
238 -17599
238 -16575
238 -15808
111 -14655
238 -12992
110 -9920
111 -6193
-17 -1855
224 1600
352 3393
224 5184
96 8512
96 12864
97 15553
225 16335
-31 17615
-31 19150
-159 19648
97 18881
225 17871
-32 16192
97 14784
97 13760
97 11983
-31 9678
-159 6336
96 2383
-17 -1599
238 -3775
239 -5440
111 -7744
111 -11839
238 -15552
111 -16945
-17 -17727
238 -19136
111 -19762
-145 -19761
-17 -19008
366 -17856
111 -17216
111 -16192
111 -14655
239 -12863
239 -10048
110 -6079
238 -1984
352 1345
225 3265
225 5057
481 8640
97 13249
224 15681
225 16576
97 17344
96 18752
96 19520
96 18752
96 17216
97 15553
225 14273
224 13120
97 11712
97 9408
96 5953
225 2241
239 -1841
-17 -4160
111 -5439
239 -7744
111 -11569
-17 -15168
367 -16447
238 -17088
111 -17983
238 -18880
110 -19136
111 -18752
111 -17728
110 -16576
110 -16064
111 -14641
-17 -13119
239 -10304
366 -6591
238 -2496
97 961
224 2881
225 4544
96 8000
96 12623
-32 15168
96 16193
224 17217
224 18497
225 19136
97 18639
-32 17472
97 16065
225 14529
225 13263
-32 12111
-31 9678
-159 6336
97 2497
238 -1216
110 -3505
-18 -5042
-146 -7360
111 -11327
238 -15295
239 -16448
111 -17202
-146 -18353
-18 -19377
-18 -19392
111 -19008
110 -18112
111 -17201
-18 -16320
110 -15025
-17 -13120
110 -10432
111 -6720
366 -2495
224 833
224 2880
96 4673
224 8000
352 12609
224 15425
225 16320
96 17472
97 18639
-32 19279
-31 18625
225 17601
224 15937
480 14657
225 13263
-32 11584
96 9537
224 6465
225 2753
239 -1087
238 -3761
-17 -5184
111 -7217
-17 -11071
238 -15040
110 -16561
-17 -17471
239 -18240
110 -19136
367 -19263
238 -18880
367 -17983
239 -16960
110 -16063
239 -14897
-17 -13361
-17 -10801
-18 -7089
-17 -2880
96 576
96 2624
97 4288
353 7617
225 12225
225 15296
352 16207
-31 17088
96 18511
-31 19150
-159 18639
-32 17486
-159 16078
-159 14543
-31 13504
353 11969
225 9935
-32 6991
-32 3150
-146 -690
-145 -3392
110 -5056
111 -7217
-18 -11185
-17 -14912
111 -16703
238 -17344
367 -18751
238 -19648
111 -19520
111 -19008
111 -18225
-17 -16960
111 -16191
238 -15295
239 -13632
110 -10944
110 -7360
110 -3249
-31 463
-32 2624
97 4545
225 7361
224 12097
224 15425
225 16321
224 17217
225 18895
-31 19407
-32 19009
224 17984
96 16192
97 14799
-31 13518
-159 12224
96 10049
224 6721
224 3392
110 -433
-17 -3135
238 -4785
-17 -6705
-273 -10545
-17 -14656
111 -16448
111 -17216
367 -18239
238 -19135
239 -19249
-18 -18866
-145 -17983
239 -17472
366 -16319
238 -15040
367 -13631
238 -11199
239 -7744
110 -3505
-31 463
-32 2624
96 4175
-31 7104
97 11457
225 15055
-32 16207
-31 17103
-32 18497
224 19009
224 18753
224 17984
353 16321
481 14784
353 13761
224 12353
225 10433
225 7360
97 3776
367 -320
366 -3264
110 -5055
239 -6976
366 -10418
-146 -14513
-18 -16576
110 -17343
238 -18368
366 -19391
239 -19520
110 -19121
-18 -18097
-18 -17088
111 -16177
-17 -14897
-18 -13503
238 -11199
238 -7616
111 -3121
-31 462
-159 2767
-32 4672
97 7360
96 11840
96 15425
224 16448
97 17358
-160 18511
-31 19136
97 18639
-32 17743
-32 16193
225 14784
97 13519
-31 12239
-31 10176
97 7105
225 3777
224 64
111 -2879
238 -4288
111 -6208
366 -9663
239 -13632
110 -16049
-18 -16561
-18 -17344
111 -18495
238 -18880
111 -18481
-18 -17856
110 -16832
110 -15793
-18 -15040
111 -13632
111 -11313
-17 -8000
111 -3904
111 -319
224 2127
-32 3905
224 6721
225 11200
352 14912
608 16704
353 17344
97 18638
-160 19534
-160 19535
-31 18383
-32 16704
97 15041
225 13775
-32 12353
224 10304
97 7616
97 4032
110 -191
239 -3135
238 -5041
-18 -6592
111 -9791
494 -14015
238 -16320
110 -17087
238 -18112
110 -19121
-17 -19249
-17 -18737
-18 -17842
-145 -16960
111 -15936
111 -15168
110 -13489
-18 -11455
238 -8128
366 -3776
97 192
96 2880
97 4544
97 6848
97 11215
-32 14926
-159 16320
96 17217
224 18496
97 19393
224 19264
96 17985
225 16577
225 15297
224 14400
97 13007
-32 11072
96 8000
96 4928
97 1216
111 -1855
239 -3648
367 -5439
239 -9009
-18 -13248
111 -15935
238 -17087
238 -18111
239 -19263
239 -20031
239 -20032
366 -19392
366 -18367
495 -17472
366 -16319
238 -15040
111 -12863
239 -9536
367 -4928
367 -1087
225 1728
352 3393
225 6081
225 10689
224 14912
353 16576
97 17600
353 19136
353 20161
480 20032
353 19137
481 17601
736 15937
736 14400
352 12865
481 10688
609 7616
609 3777
750 -703
751 -4416
879 -6976
878 -9151
750 -12480
879 -16447
1006 -19391
1007 -20543
1007 -21567
1007 -22848
1134 -23232
1134 -22975
1263 -22591
1262 -21439
1518 -20672
1647 -19776
1903 -18496
1902 -16319
2030 -13247
2287 -9279
2287 -5439
2542 -3264
2670 -2496
2670 -703
3041 3009
3297 6337
3553 7360
3681 7360
3936 7488
4449 7360
4704 6976
5216 4929
5344 2112
5486 -448
6254 -2751
6638 -5056
6766 -8127
7407 -12096
7790 -17343
8431 -22591
8942 -27327
9199 -31040
10092 -34496
10861 -39232
11629 -45631
12269 -50496
13165 -53311
14061 -56640
14700 -60351
15596 -63679
16622 -66495
17390 -68800
18543 -70976
19822 -73664
21358 -75967
22511 -78400
23919 -80192
25198 -81344
26734 -81600
28270 -82111
29935 -84032
31598 -87230
33391 -90174
35438 -91325
37615 -92989
39919 -97086
41836 -102589
44012 -107965
46573 -113726
49004 -121022
51564 -129213
54511 -138814
57711 -149054
60526 -159166
63852 -169919
67309 -181568
70765 -194624
74607 -208960
78446 -224192
82284 -239552
86636 -253887
91118 -268223
95470 -284605
100076 -302525
104941 -319806
110191 -335677
115694 -351933
121068 -369085
126701 -386367
132591 -403519
138991 -420672
145516 -437952
151916 -456128
158830 -475069
165868 -494781
173292 -513982
180846 -532925
188654 -551872
196973 -571456
205423 -592959
214255 -616512
223084 -640446
232303 -663613
241902 -687293
251884 -714173
262127 -742976
272237 -772160
282991 -802112
293997 -834110
305263 -867901
316653 -903231
328686 -939967
341229 -976960
353646 -1014974
366447 -1054526
379757 -1095486
393071 -1138495
407023 -1182783
421101 -1227582
435310 -1271997
450030 -1316799
465132 -1363648
480620 -1412798
495982 -1461694
511855 -1509439
527853 -1557823
544237 -1607742
561006 -1658046
578158 -1707711
595181 -1758016
612716 -1808574
630639 -1859645
648430 -1912000
666477 -1964607
684781 -2016829
703468 -2068671
722158 -2120384
740718 -2172350
759917 -2225725
779244 -2280640
798828 -2336192
818543 -2389822
837998 -2443455
857326 -2499519
876783 -2556990
896621 -2614590
916332 -2672063
936173 -2730558
956013 -2789950
975726 -2849728
995183 -2909759
1014510 -2969533
1033967 -3029056
1053295 -3088191
1072367 -3148093
1091308 -3208381
1109741 -3268672
1128300 -3327935
1146348 -3385278
1164396 -3440831
1182190 -3496640
1199214 -3552957
1216239 -3607358
1232749 -3658559
1248749 -3708223
1264367 -3756861
1279214 -3803838
1293932 -3848637
1307886 -3890623
1321196 -3930816
1334124 -3969469
1346031 -4006718
1357420 -4041661
1368302 -4073152
1378413 -4101695
1387757 -4127039
1396462 -4149695
1404141 -4171069
1411052 -4191422
1417070 -4209341
1422318 -4223166
1426540 -4233662
1430125 -4243517
1432557 -4252221
1433836 -4257726
1434223 -4260158
1433710 -4261054
1431916 -4259262
1429356 -4255166
1425517 -4248382
1420653 -4237885
1414895 -4224064
1407855 -4207423
1399789 -4187968
1390701 -4165951
1380078 -4141245
1368556 -4112830
1355886 -4079552
1341805 -4042048
1326958 -4002240
1310831 -3960381
1293548 -3914432
1274988 -3862975
1255663 -3808061
1234671 -3749949
1212910 -3688127
1190126 -3622333
1166063 -3552575
1140718 -3479231
1114605 -3402813
1087468 -3323584
1059438 -3240382
1030255 -3153728
1000044 -3063230
968815 -2968639
936428 -2870718
903278 -2771392
869229 -2670141
834543 -2565951
798956 -2457790
762476 -2346432
725102 -2234303
687087 -2121022
648557 -2005567
609004 -1887933
568812 -1769151
528366 -1649088
487022 -1528253
445166 -1406144
402797 -1282366
360557 -1157181
317165 -1030463
273645 -903742
229996 -776893
185837 -649792
141421 -521536
96876 -391102
52076 -259264
7277 -127540
-37791 2767
-82719 133581
-127264 266060
-171424 398414
-215455 529101
-258847 658636
-302237 785359
-345118 911437
-387358 1039181
-429085 1166542
-470685 1291980
-511645 1416142
-551840 1539407
-591647 1662413
-630815 1784015
-669216 1904205
-707101 2021326
-744093 2135756
-780191 2247631
-815901 2359245
-850717 2469582
-884640 2575439
-917533 2677711
-950048 2777676
-981150 2875215
-1011231 2969037
-1040670 3059279
-1069086 3145293
-1096480 3227727
-1122848 3307596
-1148317 3384012
-1172637 3456974
-1195677 3526093
-1217822 3591245
-1238558 3652431
-1258781 3710927
-1277727 3766732
-1295263 3820239
-1311263 3869903
-1326877 3914703
-1341216 3956556
-1354397 3997132
-1366685 4034767
-1377568 4068942
-1387165 4100047
-1395741 4128462
-1403296 4154189
-1409822 4176972
-1415071 4196557
-1419551 4212429
-1422623 4225741
-1425182 4236364
-1426334 4244557
-1426462 4251212
-1425822 4255052
-1424030 4255052
-1421214 4251212
-1417629 4244172
-1413021 4235726
-1407648 4225615
-1401120 4211791
-1393950 4193359
-1386270 4172366
-1377183 4149196
-1367453 4123340
-1357216 4094028
-1346461 4062158
-1334688 4027470
-1322398 3990605
-1309471 3952332
-1296030 3912012
-1281951 3869390
-1267359 3824079
-1252126 3776333
-1236509 3727564
-1220767 3678159
-1204256 3628367
-1187358 3576653
-1170206 3522124
-1152669 3466958
-1134752 3413071
-1116703 3358925
-1098528 3303759
-1079837 3247822
-1060765 3192012
-1041821 3136461
-1023007 3080655
-1003551 3025102
-984479 2968780
-964768 2912591
-945181 2856399
-925725 2801356
-906397 2747084
-886688 2693199
-867360 2638413
-847648 2582605
-828190 2526031
-808733 2471374
-789405 2418124
-770463 2363599
-751648 2307406
-732832 2251597
-714013 2196428
-695454 2141262
-677278 2085454
-659102 2029133
-641056 1973069
-623135 1917903
-605727 1863372
-588702 1809484
-571549 1756110
-554654 1701966
-538271 1648333
-522015 1595085
-506141 1544142
-490397 1494991
-474911 1446094
-459936 1396556
-445085 1348300
-430494 1302095
-416288 1257038
-402333 1214669
-388638 1173324
-375200 1133133
-362269 1094351
-349727 1056718
-337309 1020364
-325280 984140
-313503 949453
-302110 916303
-290846 884814
-279968 855375
-269597 827341
-259359 799437
-249117 771020
-239520 743244
-230045 717519
-220958 694094
-212127 669903
-203550 644941
-195103 620492
-187040 597324
-179358 574284
-171679 550861
-164384 527439
-157469 504014
-150688 481870
-144032 460623
-138014 439886
-131999 419020
-126111 397772
-120222 376653
-114719 356301
-109599 337357
-104477 320205
-99613 303054
-94879 284623
-90400 266830
-86174 251982
-82077 238286
-78240 224847
-74528 212046
-70815 200399
-67357 189901
-64029 180685
-60701 171468
-57759 163021
-54559 155085
-51744 148556
-49311 143053
-46879 138957
-44319 135628
-41887 132301
-39966 127821
-37918 122956
-35741 120269
-33566 119118
-31902 116815
-30238 112719
-28446 108366
-26781 104911
-25373 101071
-24096 96334
-22687 91086
-21407 85199
-20256 79951
-18975 74959
-17951 69838
-16797 64206
-16030 58191
-15133 51406
-13981 44494
-13213 39118
-12701 35023
-12064 30798
-11167 25039
-10528 19022
-9887 15054
-9375 12495
-8735 10190
-8095 7375
-7712 5454
-7328 4686
-6816 4174
-6303 4047
-5920 3663
-5663 3791
-5408 3918
-4767 5327
-4639 8143
-4128 11598
-3743 14287
-3616 15695
-3360 16462
-3232 18767
-2848 22351
-2847 25295
-2848 25935
-2848 26191
-2336 26958
-2207 27343
-2080 26702
-1952 25422
-1695 23502
-1695 21455
-1312 19534
-1184 17743
-1056 15695
-1056 12366
-1184 8271
-1055 4558
-927 1486
-914 -434
-914 -2737
-786 -6322
-914 -10418
-658 -12722
-657 -13874
-657 -15154
-657 -16689
-274 -16818
-401 -16690
-401 -16178
-401 -15154
-401 -14642
-402 -13489
-530 -11954
-401 -9778
-402 -6066
-145 -1841
-31 1999
-32 4174
-416 6222
-160 8783
-31 13519
-288 16975
-287 18383
-287 19406
-160 20544
97 21454
-160 21326
-159 20175
-287 18383
-288 16718
-416 15439
-288 13903
-32 11854
-160 9038
-159 5071
-32 847
-18 -2240
111 -4145
-17 -5952
111 -9280
111 -13361
-18 -15794
-146 -16305
-17 -16960
110 -17855
238 -18609
-18 -18111
239 -17216
110 -16064
110 -15025
-17 -14129
-17 -12594
-145 -9777
-17 -6464
111 -2353
-31 1230
-160 3662
-159 5326
-159 7886
-159 12224
96 15951
-31 17359
-31 18382
-159 19406
-160 20303
-31 20175
-31 19150
-160 17487
-32 15951
-31 14799
-31 13504
96 11855
-32 8768
96 4943
-32 1358
-146 -1714
-145 -3648
111 -5183
238 -8626
-145 -13105
-18 -15296
111 -15936
367 -17216
111 -18481
-17 -18737
-18 -18097
-18 -17600
110 -16562
-146 -15538
-145 -14897
-18 -13489
-17 -10815
239 -7487
239 -3391
224 320
97 3008
96 4942
-160 7503
-32 12096
97 16065
225 17600
96 18511
-32 19520
96 20544
97 20416
96 19520
97 17856
97 16576
97 15297
225 13504
96 11840
97 9167
-32 5199
-31 975
-17 -2098
-146 -4032
111 -5696
111 -9009
-17 -13105
-18 -15808
110 -16576
110 -17600
111 -18737
-18 -19136
111 -18481
-18 -17585
-18 -16575
238 -15807
239 -14898
-145 -13376
111 -11072
111 -7744
111 -3634
-160 591
-32 3136
96 4672
97 7105
225 11456
97 15553
225 17103
-31 17871
-32 19279
-31 20175
-31 20160
96 19264
97 17615
-32 15951
-31 14785
225 13263
-31 11727
-32 9024
97 5312
97 1216
111 -2111
238 -3776
111 -5681
-18 -8882
-146 -12977
-18 -15552
110 -16561
-17 -17458
-146 -18609
-17 -19263
239 -19008
110 -18111
239 -16960
366 -16064
111 -15409
-18 -14257
-18 -11968
110 -8383
239 -4160
110 -177
-31 2496
97 4544
97 6863
-31 11214
-159 15311
-31 17089
225 17870
-159 19150
-160 20288
97 20160
96 19265
225 17600
96 15694
-160 14158
-159 12480
96 10816
97 8128
97 4558
-159 718
-146 -2482
-146 -4785
-17 -6450
-145 -9280
111 -13632
111 -16448
111 -17457
-18 -18097
-18 -19121
-17 -19250
-145 -19249
-18 -18354
-145 -17472
110 -16319
239 -15423
238 -14271
238 -11954
-145 -8753
-18 -4544
111 -576
96 1870
-160 3663
-32 5966
-160 10062
-159 14287
-31 16079
-32 16704
96 17743
-31 18895
-32 19022
-159 18112
96 16719
-31 15040
97 14017
225 12480
96 10831
-31 8399
-31 5071
-31 961
239 -2368
366 -4288
110 -6065
-18 -8881
-17 -13119
238 -16064
367 -16960
110 -17841
-18 -18866
-146 -19633
-17 -19776
110 -19136
111 -17969
-17 -16945
-17 -16192
110 -15025
-17 -13106
-146 -9920
110 -5823
238 -1969
-31 1217
225 3279
-31 5327
-31 9409
225 13761
224 15680
96 16718
-160 17999
-31 19137
225 19392
97 18895
-32 17472
96 15439
-31 14286
-160 12879
-288 11087
-287 8399
-31 4800
97 704
111 -2624
111 -4928
111 -6449
-18 -9137
-18 -13489
-17 -16704
110 -17856
111 -18495
238 -19392
110 -20159
239 -20018
-146 -19377
-17 -18225
-17 -16960
110 -15808
110 -14528
111 -12608
110 -9408
110 -5567
239 -1344
97 1487
-32 3407
-32 5441
224 9281
224 13390
-159 15567
-32 16463
-31 17359
-31 18638
-160 19009
224 18241
224 16705
225 15040
97 14031
-31 12737
225 11200
353 8641
224 5184
608 1088
366 -2240
111 -4401
-17 -5952
110 -8640
111 -12863
238 -16063
239 -17215
238 -17856
110 -19135
238 -20159
239 -19775
238 -19391
238 -18623
238 -17329
-17 -16192
111 -14912
110 -13247
238 -10175
239 -5937
-17 -1841
-32 1088
96 2881
225 4801
225 8911
-288 13135
-31 15552
96 16704
96 17729
225 18881
224 19521
225 18881
224 17472
96 15680
352 14400
353 13007
-32 11598
-159 9167
-32 5711
-31 1473
239 -2368
110 -4529
-18 -6080
111 -8768
367 -12863
238 -16320
110 -17600
110 -18112
110 -18880
111 -19776
110 -19889
-18 -19135
238 -18097
-18 -16831
238 -16063
238 -14769
-17 -12863
238 -9919
239 -5951
238 -1969
-31 1231
-31 3264
97 5313
224 9024
97 13519
-32 15950
-159 16847
-32 17728
96 19008
96 19264
96 18752
96 17728
96 15936
97 14273
224 13121
225 11457
224 9024
96 5952
96 1857
239 -1855
238 -4288
110 -5809
-17 -8241
-17 -12352
111 -15936
111 -16945
-18 -17344
110 -18609
-17 -19776
111 -19775
239 -18752
366 -17600
366 -17088
111 -16177
-17 -14912
110 -12992
110 -9920
366 -6080
366 -1984
96 1344
96 3392
352 5185
225 8897
225 13505
225 16064
97 16832
97 17871
-32 19023
-31 19393
224 19008
96 17728
96 15937
224 14400
97 13248
97 11471
-31 9167
-31 5824
97 1985
495 -1855
238 -4018
-145 -5682
-145 -8242
-146 -12209
-17 -15679
238 -17087
238 -17856
110 -18879
239 -19776
367 -19263
239 -18751
238 -17842
-146 -16817
-17 -16177
-18 -14770
-146 -12992
110 -9920
110 -6322
-145 -2097
-32 1359
-32 3407
-32 5198
-159 8641
224 13376
353 15823
-31 16577
225 17600
352 19008
353 19393
225 18624
97 17856
96 16207
-31 14543
-32 13134
-160 11599
-31 9409
224 6209
224 2368
111 -1344
111 -3647
494 -5056
367 -7232
111 -11327
238 -15039
239 -16447
494 -17344
111 -18481
-17 -19263
238 -19648
110 -19136
110 -18112
110 -17088
110 -16063
238 -14784
110 -13248
110 -10432
366 -6592
111 -2624
97 960
97 3279
-32 4942
-159 8142
-160 13135
-31 16078
-160 16960
97 17856
96 19279
-32 19790
-159 19407
-31 18127
-31 16591
-31 15296
96 14159
-31 12225
224 10048
96 6991
-31 2766
-146 -1216
110 -3776
111 -5169
-17 -7217
-17 -11057
-17 -15153
-17 -16959
239 -17472
110 -18368
111 -19505
-17 -19775
239 -19520
366 -18624
367 -17216
110 -16305
-17 -14911
238 -12992
367 -10303
238 -6833
-17 -2609
-31 975
-32 3151
-32 4942
-159 8143
-32 12865
224 15936
96 16975
-31 18127
-32 19264
97 19919
-31 19392
96 18497
224 16704
96 14912
353 13760
97 12239
-31 10191
-31 7119
-32 3407
-18 -704
111 -3392
111 -5169
-17 -7232
111 -11071
239 -14912
367 -16704
110 -17344
110 -18368
110 -19136
111 -19520
110 -19135
239 -18240
111 -17215
238 -16319
238 -15040
111 -13376
110 -10687
238 -7103
238 -2495
224 832
97 3009
225 4801
224 8000
353 12481
225 15809
224 16961
224 17729
224 19008
97 19649
224 19265
224 18241
225 16833
225 15297
225 14016
97 12480
97 10433
225 7104
97 3279
-18 -704
111 -3391
238 -5055
239 -6719
238 -10687
239 -14911
239 -16192
111 -16690
-146 -17842
-145 -19264
111 -19775
239 -19264
110 -18112
110 -17073
-17 -16177
-18 -15040
111 -13376
111 -10815
238 -7103
239 -3135
225 448
96 2880
96 4416
97 7616
97 12239
-32 15936
96 16960
96 17486
-159 18638
-159 19392
96 19264
97 18382
-159 16847
-32 15168
96 13888
97 12480
97 10176
97 7105
224 3649
239 -319
238 -3007
238 -4799
239 -6719
239 -10303
239 -14385
-17 -16448
110 -16831
238 -17855
238 -18880
110 -19392
111 -19263
239 -18239
239 -17472
111 -16447
239 -15424
110 -13760
110 -11199
239 -7488
367 -3136
97 448
96 2881
225 4801
225 7375
-32 12111
-32 15695
-32 16960
97 17600
353 18880
352 19777
224 19777
224 18753
224 16961
481 15296
96 13903
-32 12623
-31 10703
-31 7887
-32 3919
-17 -64
111 -3136
111 -4657
-18 -6592
111 -10047
238 -14272
111 -16191
238 -16831
494 -17855
239 -19007
239 -19263
239 -19008
111 -18239
239 -16959
239 -15936
366 -15039
239 -13632
111 -11313
-17 -7729
-17 -3391
224 320
97 2767
-32 4431
-32 6977
224 11343
-32 15438
-159 16832
96 17743
-31 18880
97 19407
-31 19407
-31 18624
96 16719
-31 15296
97 14287
-32 12864
96 11087
-31 8143
-31 4303
-31 192
110 -2752
111 -4416
110 -6336
366 -9664
110 -13745
-17 -16191
239 -16959
238 -18112
367 -19263
239 -19519
239 -19263
239 -18496
367 -17471
238 -16320
110 -15295
239 -14144
111 -11569
-18 -7872
111 -3889
-17 -320
97 2240
353 4032
97 6848
97 11200
96 14912
96 16449
224 17473
225 18368
96 19534
-159 19407
-32 18497
224 16705
225 15311
-32 14144
97 12736
97 10703
-31 7873
224 4096
