-145 -4160
110 -3520
111 -3136
111 -2879
238 -2496
111 -2112
110 -1727
239 -1599
239 -1344
366 -960
111 -1344
111 -1856
111 -1856
111 -2112
111 -2880
110 -3520
110 -3263
239 -3391
239 -3903
239 -4672
110 -5055
238 -4543
238 -4031
238 -4288
366 -4543
239 -4416
110 -4287
238 -3775
238 -3776
367 -3391
239 -2609
-18 -2226
-146 -2737
-17 -2865
-17 -3121
-18 -3264
111 -3121
-17 -2624
111 -1856
110 -1457
-17 -1073
-17 -1087
239 -575
238 -192
97 192
352 320
353 449
225 705
225 705
224 576
110 -191
239 -831
239 -1087
238 -2225
-18 -3250
-146 -3505
-18 -3776
111 -4159
238 -5056
111 -5439
239 -5184
367 -5184
111 -5425
-18 -5553
-18 -5312
110 -4288
366 -3519
239 -3135
239 -2368
111 -1343
238 -447
239 -63
224 335
-32 832
96 1344
97 1984
96 2880
97 4033
224 5440
97 6336
97 7360
97 8128
353 9408
352 10305
480 11072
97 11712
96 12609
224 13377
225 13505
224 13121
224 12865
224 12879
-31 12224
97 11968
353 11713
225 11457
225 10944
97 10703
-32 10575
-31 10944
97 11201
225 10944
97 10959
-31 11200
97 11727
-32 11841
224 11840
352 12367
-32 13120
97 13504
97 13505
224 13121
224 13376
97 13505
225 13504
96 13903
-31 14798
-160 15680
96 15951
-32 16192
97 16833
225 17344
96 17985
225 18112
97 18368
97 18881
225 18880
97 18624
96 17999
-32 17487
-31 16847
-31 15808
97 15040
96 14656
97 14272
96 13888
97 13249
481 12480
353 12481
225 12737
225 12480
97 12480
96 12864
96 13377
225 13760
352 13888
97 14016
97 14543
-32 14414
-159 13248
96 12353
225 12225
224 12096
352 12096
353 12481
225 13519
-31 15040
97 15808
96 16193
224 16961
224 17729
225 18624
97 19151
-31 19905
224 20800
97 21184
97 21440
96 21070
-160 21056
97 21184
97 20672
96 20033
224 20032
97 20417
224 20288
96 19777
224 20032
353 20943
-31 21455
-32 21071
-31 20686
-160 20558
-160 20558
-159 20160
96 19776
96 19790
-159 20416
97 20431
-32 19776
96 19264
96 19265
224 19264
353 19648
352 20289
225 21440
96 23104
97 24256
353 24769
225 25537
224 26433
224 27200
97 27841
224 28481
225 28608
96 28993
225 29121
225 28352
96 27727
-31 27343
-32 26432
97 25280
96 24655
-32 24128
97 23502
-159 22734
-160 22351
-31 22223
-31 22464
96 22849
225 23503
-31 24512
97 25295
-32 25664
97 25295
-31 24271
-31 23246
-159 22478
-159 21440
96 20545
224 20047
-32 19264
97 18127
-32 16974
-160 16719
-31 16576
96 16448
97 15823
-31 15567
-31 15552
96 16193
225 16833
224 16462
-160 16448
97 16320
97 15809
224 15425
225 15040
97 15567
-32 15168
97 14784
97 14529
225 15041
225 15296
352 15169
225 15041
225 15809
224 16462
-160 16719
-31 16591
-31 17359
-32 17984
96 18240
97 18624
97 18880
96 19264
96 19264
96 19008
96 18240
96 17487
-31 16591
-31 16079
-32 15439
-32 15168
96 15169
225 14799
-32 14415
-31 14287
-32 14159
-31 14016
96 13377
225 12736
352 12608
353 12736
96 12352
96 11072
97 10176
97 9679
-32 8783
-31 7630
-160 6991
-31 6080
97 5313
224 4160
97 3776
97 3791
-32 3919
-31 3790
-159 3023
-32 3407
-32 3919
-31 4558
-160 4175
-31 4288
353 4801
225 5312
96 4928
97 4801
225 5057
224 5184
96 5441
225 5568
96 5710
-160 6720
97 7631
-31 8128
97 8911
-32 9551
-31 10432
97 11201
225 11201
225 11713
225 11969
224 11585
225 10944
97 9920
96 9281
225 8385
224 6977
225 5825
225 5057
224 4417
224 3393
224 2625
224 2624
97 2753
225 2511
-32 2127
-32 2112
97 2511
-32 2880
97 3265
225 3520
97 4288
97 4559
-31 4047
-32 3662
-160 3407
-32 3663
-32 3648
96 3663
-32 4160
97 5056
96 5967
-32 6464
97 6849
225 7360
96 8000
97 8384
96 8527
-32 8783
-31 9166
-159 9166
-160 8527
-31 7631
-31 7360
97 6607
-31 5583
-31 4544
96 4160
96 3648
96 2880
97 2254
-159 1999
-31 2241
224 1857
224 1345
224 1089
224 1344
96 1600
96 1344
352 1345
224 2113
224 2880
97 3008
97 2752
96 2368
96 2639
-31 2752
96 2624
352 3393
225 4303
-31 5056
97 5313
224 5696
96 5952
96 6223
-31 6337
225 6337
225 6592
352 6720
97 6592
96 5696
96 4687
-31 4544
97 3791
-31 2766
-160 2127
-31 1487
-32 1088
97 449
224 65
224 321
481 705
225 719
-32 591
-31 463
-32 847
-32 1600
97 1729
225 1984
96 3136
96 4175
-31 4302
-160 3918
-160 3648
96 3649
225 3264
96 3137
225 3521
225 4288
96 4673
225 4800
97 5056
96 5441
224 5952
97 6336
96 6479
-32 6479
-31 6606
-160 6479
-31 5824
97 5056
97 4545
225 3776
352 2881
224 2112
97 1743
-32 1344
96 576
96 64
96 591
-32 1088
97 1216
97 1217
224 1345
225 1472
97 1729
225 2255
-32 2624
97 3521
224 4161
225 4032
97 3521
225 3265
224 3393
224 3393
225 3520
353 4032
352 4417
224 5184
96 5455
-31 5824
96 6209
224 6464
97 6592
97 6336
97 6848
97 6849
225 6848
96 6465
224 5953
225 5569
224 4943
-31 4288
96 3663
-32 2880
97 2767
-32 2368
97 1985
225 2240
96 2368
97 2496
97 2240
96 2112
97 2497
224 3151
-31 3535
-287 3520
97 3777
224 4417
224 4161
224 3392
97 3009
225 2752
97 2511
-31 2496
97 2752
352 3137
225 3520
97 3776
96 3904
97 4289
225 4800
96 5696
96 6223
-32 6479
-32 6720
97 7119
-31 6863
-31 6606
-160 6465
224 6208
352 5455
-31 5070
-160 4942
-160 4672
97 4033
225 3535
-32 3393
224 3392
96 3407
-31 3264
96 2895
-32 2895
-32 3151
-31 3520
97 3535
-31 3520
97 3777
224 3648
96 3393
224 3136
352 2880
352 2624
96 2624
96 2881
224 3648
97 4047
-32 4431
-32 4942
-160 5440
96 5953
224 6465
225 6862
-159 7118
-160 7503
-287 7887
-31 7631
-32 7247
-31 7119
-31 6848
96 5952
97 5057
225 4801
481 4545
224 3919
-31 3264
97 3023
-32 3151
-31 3008
96 2624
352 2624
97 2752
352 2639
-32 2639
-31 2752
97 3023
-31 3790
-159 3790
-160 2639
-31 2240
97 2496
97 2511
-31 2255
-32 2383
-31 3264
97 4032
97 4302
-159 4559
-31 4801
225 5312
97 6080
96 6479
-32 6735
-32 7233
225 7617
225 7360
97 6606
-160 6222
-159 6095
-31 5327
-31 4559
-31 4544
96 4672
97 4047
-32 3392
96 3136
352 3392
97 3777
224 3393
225 3009
224 2881
225 3278
-159 3278
-159 3264
96 3648
97 4559
-31 4544
97 3777
225 3520
97 3521
224 3136
353 3279
-32 3392
97 4288
96 5185
224 5441
225 5824
97 6080
97 6351
-288 7247
-287 7872
96 8000
96 9024
96 9536
97 9422
-159 8911
-31 8640
96 8512
96 7247
-31 6606
-159 6350
-159 6095
-32 5455
-32 4943
-31 4815
-32 4672
97 4815
-31 4544
97 4288
353 4544
96 4672
97 4544
97 4800
97 5071
-31 5568
353 5568
96 5199
-31 4800
96 4928
96 4672
96 4160
96 4416
97 5313
224 5967
-31 6350
-159 6606
-159 6848
97 7361
225 8128
97 8385
225 8399
-32 9294
-160 9536
97 9423
-31 8910
-160 8527
-31 8128
96 7489
225 6863
-32 6479
-31 6337
224 5696
97 4814
-159 4800
96 4687
-31 4815
-32 4673
224 4161
225 4544
353 4815
-32 4687
-31 4559
-32 4686
-160 5198
-159 5327
-31 4800
97 4303
-32 4175
-31 3777
224 3392
352 3663
-32 4431
-31 5057
224 5440
96 5455
-31 6095
-31 6863
-31 7617
225 8128
97 8385
224 8512
97 8640
96 8526
-159 7886
-160 7744
96 7489
224 6465
224 5953
225 5569
225 5312
96 4416
96 3649
224 3649
225 3776
97 3520
97 3009
481 2497
224 2369
225 2752
352 2881
224 2625
481 2752
352 3392
352 3392
353 2753
225 2241
225 1985
481 1729
481 1472
353 1472
608 2112
609 2752
609 3009
736 3137
737 3265
736 3648
865 4288
864 4417
993 4801
992 5184
864 4929
993 4545
993 3777
1249 3009
1505 2240
1633 1216
1632 320
1902 -192
1902 -703
2030 -1983
2286 -3007
2286 -3776
2415 -4415
2543 -4928
2927 -5696
3183 -6720
3182 -7360
3439 -8000
3695 -8256
3951 -9535
4335 -10047
4590 -10431
4847 -11072
5230 -12480
5487 -14143
5871 -15167
6383 -16448
6766 -17856
7278 -19136
7790 -19904
8302 -20671
8943 -21567
9455 -23104
10094 -24511
10734 -26048
11375 -27200
12143 -28736
12911 -30784
13678 -32703
14572 -35008
15468 -38079
16621 -41280
17516 -44480
18541 -47935
19948 -51904
21357 -56384
22381 -60479
23788 -64703
25070 -69312
26735 -74559
28142 -79295
29679 -84032
31342 -89022
33390 -94910
35436 -100541
37357 -106814
39532 -112830
41837 -119102
44141 -126014
46447 -132926
49006 -139710
52079 -147262
54895 -155710
57452 -164542
60524 -173758
63852 -183232
66925 -193343
70639 -203840
74094 -213695
78318 -223935
82412 -235200
86380 -246975
90860 -259520
95342 -272062
100207 -285245
105197 -299069
110317 -313662
115567 -328766
120942 -344253
126701 -361024
132460 -378816
138862 -397248
145263 -416320
151917 -436544
158828 -457405
165871 -478781
173037 -500285
180716 -522941
188655 -546623
197101 -570688
205167 -595264
213871 -620608
223084 -647102
232302 -674493
241901 -702270
251503 -730942
261740 -760511
272111 -791104
282733 -822336
293742 -853949
305132 -886718
316783 -921152
328557 -956735
340975 -992831
353773 -1029949
366319 -1068093
379373 -1106237
392943 -1145408
406895 -1185088
420972 -1225662
435310 -1267645
450030 -1310911
465132 -1354688
480623 -1398846
495983 -1444414
511597 -1491008
527982 -1538239
544239 -1586494
561004 -1635773
578028 -1686464
595053 -1737535
612847 -1789246
630382 -1842109
648428 -1896128
666733 -1950272
685165 -2004798
703598 -2059967
722158 -2116287
741103 -2172734
760174 -2228926
779372 -2286015
798701 -2343744
818029 -2401853
837868 -2459840
857455 -2517823
877039 -2576190
896878 -2634942
916591 -2693696
936301 -2752062
955757 -2810429
975596 -2869440
995436 -2928832
1014893 -2987325
1034223 -3045440
1053294 -3103424
1072238 -3161022
1091439 -3217213
1110252 -3272384
1128557 -3327551
1146861 -3382333
1164526 -3435712
1182062 -3488448
1199214 -3540157
1215980 -3590846
1232493 -3640384
1248622 -3688640
1263981 -3735358
1279084 -3781310
1293679 -3826237
1307887 -3869504
1321069 -3910976
1333871 -3951166
1346157 -3989822
1357678 -4026045
1368556 -4060096
1378415 -4091967
1387756 -4122047
1396207 -4149823
1404140 -4174782
1411182 -4197053
1417198 -4217533
1422316 -4235197
1426668 -4250045
1429999 -4261950
1432430 -4271038
1433967 -4277565
1434351 -4281150
1433711 -4281405
1432046 -4278462
1429358 -4273342
1425775 -4265278
1420908 -4253373
1414893 -4237887
1407727 -4219711
1399534 -4198080
1390444 -4172224
1379950 -4142781
1368556 -4110270
1355631 -4074560
1342061 -4035391
1327084 -3992512
1310831 -3946302
1293678 -3896511
1275116 -3844032
1255533 -3787838
1234797 -3728189
1213165 -3665471
1190125 -3599934
1166188 -3531199
1141229 -3458880
1114988 -3383742
1087855 -3306047
1059566 -3224510
1030508 -3139776
1000044 -3052478
968814 -2962111
936685 -2868542
903534 -2772160
869484 -2672830
834670 -2570688
798828 -2466238
762478 -2359488
725102 -2249664
686957 -2137662
648301 -2023743
608750 -1907390
568942 -1788864
528239 -1668415
486892 -1546942
445037 -1423680
402796 -1298880
360301 -1172541
316908 -1045184
273772 -916158
229996 -785598
185708 -653248
141421 -520256
96877 -387390
52077 -253504
7020 -118452
-38048 17230
-82848 152397
-127007 286925
-171296 420174
-215456 552525
-259103 682956
-302240 808783
-345119 934349
-387360 1060941
-429087 1186510
-470429 1310157
-511261 1432271
-551709 1553359
-591646 1672268
-630687 1789391
-669215 1904589
-707102 2018127
-744221 2130124
-780448 2240078
-815773 2347468
-850592 2452814
-884639 2556364
-917405 2657487
-949536 2756429
-981022 2853199
-1011486 2947404
-1040800 3038286
-1068957 3125709
-1096478 3209294
-1122720 3290189
-1147936 3368268
-1172638 3442766
-1195678 3514189
-1217822 3583053
-1238814 3648846
-1258653 3711439
-1277469 3770316
-1295264 3825487
-1311776 3877710
-1327006 3926863
-1341213 3972556
-1354655 4014796
-1366430 4053839
-1377312 4089166
-1387165 4121295
-1395999 4149199
-1403678 4173645
-1410079 4195277
-1415456 4213068
-1419678 4227149
-1422877 4238797
-1425437 4247501
-1426462 4253260
-1426589 4255180
-1425822 4254284
-1424030 4251212
-1421469 4245453
-1417757 4236237
-1413151 4224206
-1407647 4209870
-1401245 4193231
-1393949 4173519
-1386016 4151375
-1377310 4127052
-1367965 4100812
-1357471 4072141
-1346589 4040654
-1334944 4006734
-1322654 3971405
-1309472 3934028
-1296031 3894989
-1282077 3854287
-1267487 3812559
-1252382 3769677
-1236765 3725005
-1220639 3678671
-1204256 3631182
-1187485 3582668
-1170078 3532876
-1152671 3482062
-1135008 3429967
-1116701 3377100
-1098398 3323471
-1079837 3268814
-1061280 3212876
-1042080 3156301
-1022751 3099855
-1003807 3042511
-984349 2984141
-964894 2925902
-945565 2868175
-925981 2809549
-906526 2750797
-886815 2692047
-867360 2633804
-847776 2575692
-828320 2517582
-809117 2459086
-789662 2400844
-770718 2343246
-751774 2286158
-732832 2229069
-714016 2172748
-695712 2116942
-677280 2061902
-659102 2006604
-641182 1951565
-623645 1897934
-606111 1844940
-588703 1792460
-571550 1740878
-554909 1690574
-538528 1641292
-522144 1592908
-505758 1545294
-490142 1497935
-474911 1451983
-459808 1406796
-445086 1362765
-430624 1318991
-416288 1274958
-402333 1233100
-389023 1193164
-375710 1152845
-362782 1113166
-349856 1074511
-337694 1036364
-325535 998860
-313502 962380
-302239 927182
-290973 892879
-280096 858702
-269469 825804
-259487 794316
-249501 763852
-239519 734157
-230174 705102
-221087 677070
-211869 650191
-203294 623948
-195231 598477
-187166 574028
-179359 550604
-171935 527821
-164638 505166
-157599 483022
-150688 461646
-144285 441550
-137888 422222
-131743 403404
-126110 385869
-120349 369612
-115104 353613
-109855 337612
-104605 322252
-99742 307791
-95264 294478
-90783 281551
-86304 268622
-82333 256207
-78366 244559
-74525 233166
-70815 221390
-67487 210124
-64159 199885
-60701 189644
-57758 179533
-54814 170060
-51871 160973
-49440 152397
-47136 143949
-44832 135757
-42269 128461
-39710 121932
-37790 115021
-35614 108621
-33821 102351
-32288 96846
-30367 91343
-28448 86606
-27039 81870
-25504 77647
-24351 73934
-22944 69710
-21405 64975
-20254 60750
-19101 57038
-18077 53711
-17182 50766
-16030 47951
-15390 45902
-14238 44367
-13597 42191
-12830 39758
-11934 37967
-11293 36558
-10397 35279
-9757 33743
-9247 32207
-8735 30670
-8351 29135
-7968 27470
-7327 25294
-6816 23631
-6432 22095
-5920 19791
-5663 17871
-5152 16719
-4896 15182
-4511 13774
-4256 12110
-4000 10830
-3744 10062
-3488 9294
-3231 8398
-2976 7502
-2719 6606
-2720 6222
-2719 5839
-2592 5454
-2464 5455
-2335 5583
-1823 5071
-1568 4174
-1695 3535
-1568 3151
-1567 2766
-1440 2382
-1184 2127
-1055 2766
-927 3534
-928 3662
-928 3663
-800 3918
-671 4559
-799 5327
-800 5455
-543 5583
-800 5966
-928 5966
-672 5711
-799 4815
-544 4430
-671 4046
-671 3022
-672 2126
-671 1999
-543 1487
-287 718
-159 207
-273 -50
-145 -50
-146 -177
-274 -433
-274 -689
-18 -689
-274 -690
-146 -690
-145 -305
-274 -177
-288 79
-273 -49
-274 -434
-146 -946
-145 -1073
-18 -1202
-145 -1600
111 -1344
110 -448
97 448
96 846
-159 1231
-288 1615
-31 2240
96 2895
-32 3151
-287 3534
-160 3919
-32 4160
96 4431
-32 3663
-31 3278
-160 3136
96 2383
-32 1615
-31 1472
96 847
-32 335
-17 -561
-18 -1202
-145 -1330
-146 -1202
-146 -1713
-274 -1969
-17 -2112
110 -1969
-18 -1714
-402 -1713
-18 -1457
-17 -1088
110 -1216
111 -2112
110 -2239
239 -2623
238 -2737
-18 -2737
-274 -2481
-17 -1841
-18 -1202
-146 -689
-17 -562
-146 -177
-32 591
-287 1231
-32 1871
-31 1984
96 2369
225 3009
224 2880
96 2112
97 1728
96 1359
-31 718
-160 79
-17 -576
110 -704
110 -945
-18 -1471
239 -2111
238 -1969
-18 -1969
-273 -2354
-145 -2865
-17 -3136
111 -3121
-17 -3121
-17 -2880
110 -3008
111 -2609
-17 -2353
-17 -2866
-145 -3378
-146 -3506
-145 -3647
238 -3762
-145 -3648
110 -3007
238 -2240
110 -1728
110 -1215
239 -817
-18 -178
-159 463
-32 1103
-32 1615
-31 1729
225 2241
224 2112
97 1486
-160 1103
-32 591
-31 206
-146 -704
110 -704
110 -704
111 -1599
238 -2481
-18 -2737
-17 -2609
-17 -2609
-18 -2738
-145 -3377
-273 -3378
-146 -3263
239 -3136
111 -3633
-18 -3520
111 -2880
110 -2496
110 -2737
-18 -3250
-145 -3648
110 -3776
110 -3776
111 -3648
111 -2879
238 -1969
-17 -1343
239 -1087
238 -960
367 -320
353 448
352 1088
97 1472
96 1871
-31 2255
-31 1984
97 1486
-160 1088
97 961
225 192
110 -689
-18 -1202
-145 -1842
-146 -2737
-18 -3520
110 -4031
238 -4031
238 -4288
111 -4671
239 -5439
238 -5567
238 -5824
367 -5695
238 -5823
238 -5824
110 -5554
-145 -5425
-17 -5952
367 -6463
238 -6848
367 -6976
367 -7232
111 -7232
111 -6705
-18 -5567
238 -5056
366 -5055
239 -4657
-18 -4032
111 -3392
111 -2624
110 -2240
111 -1856
110 -1472
111 -1600
110 -2239
239 -2624
366 -2752
111 -3392
110 -4530
-145 -4927
239 -4928
367 -5439
238 -6336
111 -6976
111 -6961
-17 -6719
238 -6847
238 -7360
111 -7488
111 -7231
238 -7104
111 -7232
111 -7217
-18 -6592
110 -5824
111 -6208
110 -6833
-17 -7217
-18 -7360
367 -7487
239 -7232
111 -6449
-17 -5695
238 -5056
366 -4799
238 -4544
110 -3776
110 -3263
239 -2880
110 -2737
-17 -2624
110 -1969
-18 -2226
-146 -2738
-145 -3377
-17 -3648
110 -4288
110 -5297
-17 -5937
-18 -6336
110 -6848
111 -7744
111 -8256
111 -8241
-17 -8256
111 -8241
-18 -8881
-17 -9009
-18 -8625
-17 -8497
-17 -8497
-17 -8256
111 -7744
111 -7474
-145 -7474
-146 -7872
111 -8255
239 -8256
110 -8369
-18 -8369
-18 -7616
111 -6720
111 -5951
239 -5695
239 -5695
238 -5056
110 -4018
-145 -3121
-17 -2623
238 -2496
110 -2240
110 -2225
-17 -2865
-18 -3250
-146 -3249
-17 -3903
238 -4785
-18 -5297
-17 -5426
-146 -6079
239 -6463
239 -6719
239 -6975
239 -6720
110 -6847
238 -7103
238 -7104
110 -7103
239 -6705
-17 -6962
-146 -6833
-18 -6080
110 -5809
-17 -6193
-18 -6592
111 -6720
111 -6719
238 -6577
-18 -6322
-145 -5681
-17 -4416
110 -3775
238 -3519
238 -3263
238 -2481
-18 -1713
-17 -1073
-273 -832
110 -448
110 -191
224 64
110 -178
-145 -562
-145 -832
110 -1727
239 -2353
-18 -2993
-18 -2993
-18 -3264
110 -4274
-145 -4914
-146 -4800
110 -4544
110 -4800
111 -5440
111 -5440
110 -5567
239 -5184
110 -5056
366 -5056
367 -4671
239 -4145
-17 -4416
110 -5297
-17 -5440
110 -5554
-146 -5312
111 -5183
238 -4529
-18 -3761
-18 -2994
-145 -2609
-18 -2496
110 -1728
110 -960
367 -831
238 -447
238 -177
-32 78
-160 79
-18 -433
-17 -832
110 -1202
-145 -2097
-17 -2880
110 -3249
-17 -3634
-145 -4146
-145 -4913
-17 -5696
111 -5952
111 -5696
110 -6080
110 -6592
111 -6720
367 -6464
366 -6335
238 -6591
238 -6833
-17 -6193
-17 -5937
-17 -6193
-17 -6976
110 -7360
111 -7488
110 -7359
239 -7743
238 -7103
238 -6336
110 -5809
-18 -6079
238 -5824
367 -5439
239 -5184
111 -4928
110 -4800
110 -5056
110 -4800
110 -5312
111 -5952
111 -6976
111 -7744
111 -8497
-18 -9920
111 -10815
238 -11200
110 -11456
111 -12593
-18 -13490
-145 -13632
110 -14015
238 -14271
239 -14656
111 -14912
110 -15040
110 -15040
367 -15168
367 -15153
-17 -14897
-18 -14527
239 -14912
111 -15666
-146 -15808
110 -15807
238 -16320
366 -16319
239 -15679
238 -15040
111 -14143
238 -13760
110 -13504
110 -12977
-18 -12224
110 -11456
111 -11058
-146 -10687
238 -9919
238 -9664
110 -9650
-145 -10289
-18 -10176
110 -10688
110 -11185
-17 -11570
-146 -11953
-17 -11839
239 -12352
110 -12992
111 -12863
494 -12479
238 -12480
110 -12479
239 -12351
238 -11953
-18 -11456
110 -11456
110 -11200
111 -10560
111 -9791
238 -9664
110 -10161
-18 -9920
110 -9664
110 -9663
239 -9535
239 -8767
239 -7487
494 -6848
366 -6080
367 -5695
239 -4671
238 -3519
238 -2225
-17 -1586
-145 -1088
110 -192
96 321
225 193
239 -63
238 -191
238 -448
367 -1087
495 -1329
-18 -1472
111 -1599
238 -1984
367 -2368
111 -2111
238 -1984
110 -1969
-18 -2225
-17 -1841
-18 -1457
-17 -1344
111 -1088
366 -960
111 -64
97 705
224 832
96 321
239 -64
96 64
111 -64
353 193
225 704
96 1615
-31 2511
-31 2767
-31 3264
96 3904
353 4544
96 5185
225 5825
224 6208
97 6351
-32 6720
96 6464
353 5825
481 5568
97 5071
-31 4303
-31 3777
225 3008
97 2496
96 1600
96 832
97 705
224 576
96 320
97 192
96 64
97 192
96 65
225 193
224 64
96 832
96 1600
97 1742
-160 1359
-32 1088
96 1345
225 1486
-159 1487
-32 1871
-31 3008
97 4303
-32 5184
96 5184
352 5953
225 6848
97 7616
96 8513
225 8897
224 9537
225 9679
-31 9664
97 9423
-31 9408
96 9025
225 8129
224 7744
97 7616
97 7360
96 6735
-32 6223
-31 6080
97 6337
224 5952
97 5824
96 5440
97 5569
225 6081
225 6351
-32 6223
-32 6735
-32 7232
97 7360
97 7104
96 6720
96 6208
96 6209
224 6208
353 6849
224 7745
224 8271
-32 8768
96 9281
224 9793
224 10305
224 11072
96 11841
224 12367
-32 12879
-32 13120
97 12992
96 12352
97 11968
96 11585
224 10816
353 10177
225 9920
96 9536
96 8783
-31 7887
-32 7745
225 7631
-32 7489
225 7105
224 6977
224 6977
225 7105
225 7105
224 7232
352 7488
353 7872
97 7872
97 7104
97 6848
353 7104
609 6848
97 6593
224 6735
-31 7631
-32 8512
96 9024
96 9295
-31 9920
96 10575
-32 11329
224 11841
225 11968
97 12481
225 12480
96 12352
352 11585
224 11072
96 10560
96 9536
97 8910
-160 8783
-31 8399
-31 7360
97 6848
96 6735
-31 6592
96 6209
224 5711
-31 5327
-32 5184
96 5199
-31 5312
96 5440
97 5583
-31 5824
97 5839
-31 5326
-159 5070
-159 5056
96 4687
-31 4289
225 4801
224 5184
96 5952
96 6479
-32 6720
353 7104
352 7744
97 8399
-32 9024
97 9152
97 9408
96 10048
353 9920
353 9408
96 9024
96 8512
96 7503
-32 6721
224 6465
225 6080
97 5313
224 4672
352 4416
97 4559
-32 4160
96 3919
-31 3279
-31 3279
-31 3264
97 3265
224 3392
352 3649
225 4288
97 4303
-31 3776
96 3150
-159 3009
224 3136
353 3009
224 3392
97 4033
224 5184
97 5583
-32 5953
225 6593
224 7232
96 7745
225 8143
-32 8512
97 8897
225 9152
97 9167
-31 8654
-160 8527
-31 8399
-32 7489
225 6592
97 6080
97 5825
224 5185
225 4289
481 4047
-32 4175
-32 4161
225 3776
97 3265
224 3136
97 3264
96 3392
96 3649
225 3777
225 4032
96 4416
96 3918
-159 3535
-32 3392
97 3264
97 3264
96 3151
-32 4176
