97 22465
224 27201
225 29889
225 32704
99 35279
-30 36416
99 36289
227 35264
99 34240
99 33729
227 32975
-32 31311
-32 28239
-32 23872
96 18496
97 13504
96 10049
225 7361
224 2894
-146 -4288
111 -10303
238 -12977
-17 -15679
239 -18752
110 -21439
239 -22335
494 -22464
366 -22207
239 -21823
239 -21312
110 -20159
239 -17728
367 -13632
366 -7871
238 -1728
97 3279
-32 6479
-31 9664
352 16192
353 23744
96 28481
224 31040
99 33984
98 37184
99 39105
227 39104
98 38735
-30 37696
98 37185
227 36289
226 34639
-32 31823
-288 27215
-32 21824
97 16320
97 12751
-31 9920
97 5582
-145 -1600
111 -7487
238 -10687
238 -12992
110 -16063
239 -18751
238 -19647
238 -19647
238 -18880
111 -18240
110 -17855
238 -16561
-18 -13759
239 -9536
111 -4145
-32 1871
-31 6848
97 9921
225 13248
352 19520
353 27073
225 31937
226 34624
355 37569
226 40513
227 42176
99 42447
-30 41536
99 40641
226 40256
354 39233
226 37184
99 33999
-31 29377
225 23488
352 17984
96 14400
96 11584
97 7361
225 448
110 -5809
-18 -9152
111 -11327
239 -14385
-18 -17330
-146 -18368
110 -18367
238 -17841
-18 -17585
-18 -17329
-17 -16192
111 -14143
239 -10559
495 -5440
353 448
97 5327
-32 8769
225 11968
352 17984
352 25409
225 30656
99 33473
226 36431
-30 39744
99 41664
99 41935
-29 41167
-30 40271
-30 39232
98 37953
226 35904
97 32719
-32 28238
-159 22209
225 16320
353 11968
97 9167
-32 4687
-17 -2624
110 -9407
239 -12863
238 -15295
238 -18353
-18 -21425
-18 -22705
-18 -22720
110 -22720
110 -22464
110 -22207
238 -21439
238 -19391
239 -15680
110 -10431
238 -4288
353 704
97 3776
97 6849
225 12737
224 20288
97 25792
96 28481
225 31169
226 34383
-29 36289
227 36545
226 35663
-30 34625
227 33729
224 32591
-31 30927
-31 27855
-31 23232
96 17728
97 11969
224 7744
96 4928
96 832
111 -5952
367 -12608
367 -16448
111 -18752
110 -21696
110 -24768
367 -26176
366 -26304
367 -25919
238 -25792
111 -25663
239 -24640
110 -22720
111 -19007
238 -14271
238 -8640
111 -3392
96 64
97 3264
96 8768
97 16335
-32 21839
-31 24768
97 27585
225 30656
99 32961
226 33344
96 32591
-31 31439
-32 30528
97 29647
-32 27983
-31 24783
-31 20416
96 14657
224 8768
353 4288
97 960
366 -3264
367 -9792
111 -16960
110 -20657
-18 -22961
-17 -26175
238 -29376
111 -31026
-146 -31153
-17 -30784
111 -30257
-18 -29888
111 -28991
239 -26944
110 -23232
111 -17969
-17 -11840
111 -6463
238 -3007
238 -192
96 5440
96 13120
97 18625
224 21312
97 24015
-31 27072
97 28865
224 29249
225 28864
96 27712
97 26816
97 26318
-159 24782
-160 21824
97 17871
-32 12367
-31 6607
-31 1999
-18 -945
-17 -4401
-17 -11057
-17 -17984
110 -21696
111 -24127
238 -27327
238 -30399
239 -32049
-18 -32448
111 -32320
111 -31807
238 -31935
494 -30912
110 -29120
111 -25663
239 -20785
-17 -14897
-18 -9407
238 -5823
238 -2993
-31 2240
97 9921
224 15936
352 18752
353 21440
352 24641
224 27215
-31 27599
-32 26688
97 25793
224 24911
-32 23886
-160 22081
225 19393
225 15041
225 9423
-31 3278
-145 -1330
-146 -4288
110 -7871
239 -14400
110 -21425
-18 -25521
-17 -27968
110 -31153
-19 -34098
-148 -35776
108 -36287
237 -35903
236 -35264
365 -35135
236 -34496
109 -32817
-18 -29120
110 -24000
110 -18112
110 -12223
238 -8640
110 -5824
111 -576
96 6976
97 13248
97 16335
-31 18895
-31 21967
-32 24399
-31 25024
96 24385
224 23361
224 22607
-31 21696
97 20175
-31 17614
-159 13519
-31 8128
97 2496
111 -2097
-18 -5312
110 -9152
367 -15153
-17 -22336
111 -26431
239 -28736
110 -31409
-20 -34496
109 -36415
237 -36672
109 -36160
109 -35648
108 -35761
-19 -34865
-19 -32831
238 -29632
110 -25024
110 -18880
110 -13504
110 -9393
-18 -6336
111 -1600
96 6223
-32 12622
-159 15823
-31 18127
-288 21568
96 24384
352 25167
-31 24782
-159 23503
-32 22592
97 21952
353 20416
353 17601
224 13391
-31 8142
-159 1984
110 -2752
111 -6208
110 -9663
239 -15665
-18 -22705
-18 -27314
-146 -29887
238 -32703
236 -35776
108 -37312
108 -37824
108 -37823
237 -37440
109 -36927
237 -36159
237 -34368
110 -30911
238 -26303
239 -20287
239 -14641
-18 -10687
238 -7615
239 -2880
97 4558
-159 10958
-160 14656
97 17359
-31 20431
-31 22990
-160 23630
-160 23360
96 22337
224 21582
-160 20814
-160 19023
-32 16705
224 12608
96 7745
224 1857
239 -3392
111 -6449
-17 -9792
111 -15424
111 -22577
-18 -27071
239 -29504
366 -31935
236 -35008
108 -36800
109 -37681
-20 -37312
109 -36401
-20 -36031
236 -35264
109 -33344
111 -30257
-18 -25535
238 -19391
239 -13632
111 -10048
110 -7359
239 -2624
96 4672
96 11328
97 14784
97 17345
225 20417
225 23232
97 24257
225 24256
97 23232
97 22208
353 21440
96 20047
-31 17615
-31 13760
96 8768
96 2625
239 -2111
239 -5184
111 -8512
367 -14656
111 -21824
111 -26673
-18 -29361
-18 -31936
109 -34865
-20 -36785
-19 -37439
236 -37567
237 -36671
236 -36288
109 -35889
-19 -34112
110 -30912
111 -26432
110 -20416
111 -14400
111 -10304
111 -7231
239 -2879
225 4545
481 11457
224 14912
96 17473
224 20800
96 23616
96 24896
353 24527
-31 23744
96 22607
-31 21710
-160 20559
-32 18241
224 14401
224 9792
353 3791
-17 -1088
111 -4416
110 -7345
-18 -12992
111 -20287
239 -25152
367 -27712
367 -30271
237 -33073
-19 -35392
108 -36032
108 -35776
108 -35249
-19 -35136
108 -34239
238 -32447
238 -29120
367 -24640
367 -19263
238 -13248
111 -9024
111 -5938
-146 -1727
225 5839
-31 12736
96 16207
-31 18624
97 21952
353 24768
96 25920
96 25665
225 24768
352 23872
353 23232
97 21952
96 19534
-159 15552
96 10831
-31 5071
-32 79
-17 -3136
110 -6066
-145 -11825
-17 -19008
110 -23999
239 -26432
111 -29233
-18 -32192
109 -34368
108 -35008
108 -34752
108 -34239
236 -33984
109 -33343
239 -31807
238 -28864
110 -24512
110 -18624
110 -12465
-17 -7985
-273 -4913
-17 -576
97 6351
-31 13519
-31 17359
-31 19919
-32 23105
224 26177
225 27342
-160 27215
-32 26432
97 25536
353 24769
224 23360
97 21440
97 17856
97 12751
-31 6849
225 1729
238 -1713
-17 -4671
239 -10048
110 -17329
-17 -22591
238 -25279
238 -27840
366 -30912
108 -33471
237 -33855
237 -33585
-19 -33088
109 -32831
238 -32448
110 -30911
238 -27839
239 -23345
-18 -17856
110 -11967
238 -7616
111 -4657
-18 -704
96 6208
353 13249
224 17231
-31 19663
-32 22607
-31 25551
-32 26944
96 26959
-32 26191
-31 25024
97 24527
-31 23246
-159 20943
-31 17615
-31 12751
-32 6720
96 1600
111 -1841
-18 -4800
111 -10033
-17 -17216
110 -22720
111 -25407
239 -27953
-17 -31296
108 -33472
108 -34225
-20 -34226
-147 -33585
-20 -33472
108 -33216
111 -31538
-145 -28479
238 -24256
366 -18623
239 -12608
110 -8127
239 -4657
-18 -704
97 5825
225 13248
97 17601
225 19904
96 23360
97 26319
-31 27342
-159 27599
-32 26688
96 25664
97 24769
225 23488
353 21441
225 17856
97 12992
97 7104
96 1871
-17 -1856
111 -4672
111 -9791
239 -16946
-145 -22321
-18 -25265
-18 -27825
-17 -30769
-20 -33216
109 -34353
-20 -34240
109 -33585
-19 -33330
-146 -32434
-145 -31281
-17 -28722
-145 -24640
111 -19263
238 -13248
111 -8768
110 -5568
111 -1856
96 4928
353 12239
-32 16449
224 19265
224 22337
225 25280
97 26575
-32 26688
97 26048
96 25167
-31 24527
-32 23119
-32 20800
96 17728
97 12993
225 7374
-160 2112
110 -1471
238 -4288
110 -9408
111 -16704
110 -22193
-17 -25137
-18 -27327
238 -30400
108 -32960
109 -33841
-19 -33856
109 -33600
108 -33457
-19 -33087
238 -31680
111 -28992
111 -24369
-18 -18865
-18 -12736
110 -7857
-18 -4786
-146 -1201
-32 5455
-31 12992
96 17473
225 20161
225 22977
224 26176
96 27968
97 28097
225 27343
-31 26048
353 25281
481 24256
96 22350
-159 19151
-31 14528
97 8640
96 3136
111 -576
367 -3648
110 -8369
-18 -15295
239 -21312
111 -24384
366 -26560
366 -29888
366 -32447
493 -33343
492 -33216
364 -32960
367 -32576
367 -32063
494 -30912
366 -28095
494 -23999
495 -18752
622 -12735
494 -8127
238 -5055
495 -1600
608 4672
608 11841
736 16704
608 19265
737 21952
864 25152
864 26944
864 26945
737 25793
993 24512
1120 23361
1249 22208
1376 20032
1377 16576
1377 11713
1505 5568
1390 -191
1518 -4032
1903 -7231
2030 -12223
2031 -19775
2287 -26431
2543 -30016
2669 -32831
2797 -36415
3053 -39488
3437 -41280
3692 -42175
3821 -42559
4333 -43072
4461 -43327
4589 -43072
4972 -41407
5357 -38208
5740 -33984
5998 -29120
6511 -25151
6895 -23104
7023 -21056
7790 -16320
8558 -10175
8942 -6847
9454 -5824
10351 -4672
10863 -3391
11503 -3391
12270 -5567
12782 -8640
13678 -11968
14447 -15167
15598 -18880
16494 -23743
17647 -30015
18669 -37696
19821 -46655
20972 -55487
22253 -63039
23535 -69951
25070 -78784
26735 -90176
28269 -100672
29804 -108735
31725 -116285
33516 -124349
35311 -132670
37487 -139581
39406 -145598
41838 -151741
44014 -158142
46444 -165054
49261 -171326
52076 -176829
54764 -180926
57709 -184125
60908 -187070
64109 -191552
67438 -198079
71150 -204992
74606 -209599
78575 -213312
82543 -219967
86509 -229440
90989 -239424
95597 -249406
100460 -261053
105198 -275133
110319 -290622
115564 -306877
120812 -323518
126830 -341440
132716 -360639
138988 -381375
145390 -404415
152045 -429375
158956 -455101
165870 -479677
173292 -503998
180846 -530621
188908 -560575
197103 -590655
205295 -618560
213869 -646207
222958 -675518
232301 -705086
241774 -734398
251501 -763197
261614 -792255
272365 -822080
282991 -852800
293742 -883902
305260 -914878
316782 -945088
328812 -974784
341102 -1004480
353645 -1036093
366574 -1070270
379756 -1105853
393198 -1139648
407149 -1172544
420974 -1208765
435439 -1248573
450285 -1288512
465262 -1329343
480492 -1372349
495853 -1417790
511598 -1465023
527855 -1513536
544365 -1562685
560876 -1612989
578030 -1664960
595567 -1718591
612847 -1774398
630381 -1832253
648428 -1890752
666477 -1948480
684653 -2005566
703340 -2064576
722287 -2127167
741103 -2189629
760047 -2249789
779503 -2308928
798830 -2369216
818286 -2429629
837868 -2489280
857452 -2547647
877037 -2605886
896621 -2664254
916333 -2722624
936302 -2780605
956142 -2836926
975471 -2892096
995180 -2945727
1014765 -2998333
1033965 -3051327
1053422 -3105472
1072238 -3159485
1091564 -3210942
1110125 -3259455
1128430 -3309503
1146607 -3361598
1164399 -3412800
1182060 -3462592
1199212 -3512765
1215982 -3563454
1232494 -3613887
1248492 -3663295
1264108 -3711421
1279215 -3758397
1293806 -3804349
1307629 -3850048
1321070 -3895488
1334127 -3940413
1346284 -3983805
1357551 -4023870
1368173 -4060480
1378413 -4096064
1387887 -4132159
1396205 -4165952
1404015 -4194878
1410926 -4219581
1416940 -4242621
1422062 -4262590
1426542 -4278974
1429870 -4291518
1432173 -4300606
1433453 -4306749
1434092 -4310205
1433581 -4309821
1432044 -4305086
1429357 -4295742
1425774 -4282558
1420655 -4264765
1414892 -4244671
1407726 -4222656
1399406 -4197568
1390444 -4166848
1379950 -4130749
1368303 -4093246
1355884 -4054975
1342191 -4013376
1327212 -3968191
1310957 -3920446
1293422 -3870912
1274991 -3818816
1255534 -3764158
1234797 -3705662
1213293 -3643967
1190125 -3579710
1165933 -3513407
1141229 -3445055
1115119 -3374909
1087727 -3301952
1059439 -3224126
1030252 -3142080
1000045 -3057725
968942 -2973375
936687 -2886206
903533 -2793535
869358 -2696381
834540 -2597312
798831 -2495805
762607 -2390336
725357 -2281024
687215 -2168637
648431 -2054463
609260 -1938109
569068 -1819071
528364 -1696959
487149 -1571646
445295 -1443392
403054 -1312447
360431 -1180733
317422 -1049280
274029 -917053
230381 -781630
185964 -643008
141677 -504895
97004 -368830
52333 -232256
7278 -94644
-37533 42702
-82590 178253
-127262 311629
-171294 443982
-215198 575053
-258846 703565
-302109 828111
-344861 952012
-387231 1074637
-428832 1195342
-470176 1313868
-511133 1432526
-551582 1550671
-591136 1666636
-630175 1778127
-668702 1887309
-706592 1997134
-743584 2106444
-780190 2213711
-815647 2318797
-850462 2422862
-884125 2525900
-917152 2627151
-949533 2726348
-980639 2823118
-1011101 2917837
-1040414 3010383
-1068575 3101388
-1096093 3190479
-1122591 3277516
-1147808 3360845
-1172000 3439438
-1195165 3514573
-1217053 3588044
-1238173 3660495
-1258269 3728335
-1276958 3789901
-1294622 3847758
-1311134 3903055
-1326624 3953742
-1341087 3999693
-1354013 4040908
-1366176 4078415
-1377309 4113103
-1387040 4143951
-1395486 4170830
-1403037 4193229
-1409568 4210764
-1414816 4223821
-1419294 4233548
-1422493 4241356
-1424797 4247500
-1426078 4249677
-1426718 4246092
-1425822 4239181
-1423902 4232013
-1421088 4223820
-1417376 4212044
-1413023 4197327
-1407517 4181455
-1401118 4164175
-1393952 4144974
-1385885 4123342
-1377182 4099149
-1367583 4073420
-1357214 4046413
-1346336 4018511
-1334558 3990350
-1322400 3961164
-1309341 3929548
-1295775 3894733
-1282077 3856846
-1267359 3819470
-1252253 3783117
-1236767 3743949
-1220639 3700431
-1204254 3654990
-1187487 3609036
-1170335 3561165
-1152797 3510479
-1134877 3457998
-1116830 3403853
-1098271 3348943
-1079839 3293390
-1061280 3236685
-1042207 3177933
-1023262 3117646
-1003934 3055695
-984349 2992844
-965021 2930894
-945566 2870095
-925981 2808781
-906525 2744780
-886942 2679374
-867230 2616653
-847645 2555596
-828319 2494671
-809248 2433870
-789919 2374093
-770847 2315983
-751648 2259023
-732957 2202316
-714142 2146124
-695710 2091087
-677408 2037326
-659104 1985612
-641181 1936076
-623261 1888463
-605727 1841101
-588575 1792461
-571677 1744079
-554782 1698383
-538400 1655884
-522142 1613132
-506014 1568078
-490143 1523150
-475038 1479759
-459805 1436621
-445215 1392588
-430749 1348303
-416286 1304143
-402463 1259725
-388893 1218253
-375582 1177420
-362656 1135951
-349982 1093454
-337567 1050828
-325279 1008333
-313630 968013
-302368 929871
-291101 892623
-280095 853454
-269471 814029
-259358 778061
-249120 744781
-239390 712524
-230047 680654
-221085 650703
-212253 623311
-203807 597453
-195613 572364
-187552 547660
-179615 524749
-172062 503372
-164512 484430
-157600 467534
-150686 452430
-144286 438095
-138015 422350
-132000 406604
-126112 393548
-120222 383565
-114718 373068
-109728 360268
-104608 347212
-99743 335566
-95134 323918
-90526 310862
-86430 297550
-82336 283982
-78239 270798
-74398 258382
-70813 245199
-67101 231885
-64031 218060
-61088 203085
-57630 187981
-54813 174029
-52000 162125
-49184 150605
-46624 136524
-44190 122189
-42013 110284
-40093 101068
-37792 91981
-35872 82764
-33952 75087
-31775 69070
-30109 63694
-28573 58831
-27165 54223
-25629 50383
-24093 47822
-22686 46926
-21405 47311
-20254 49230
-18845 51406
-17821 52174
-17053 51918
-16029 53198
-15006 57423
-14109 61390
-13213 62158
-12445 62159
-11550 63054
-10653 63694
-10398 62543
-9758 60239
-9245 57295
-8733 54734
-8094 52303
-7454 49230
-7069 45519
-6685 40142
-6045 33998
-6048 26958
-5792 21071
-5152 16719
-4639 12494
-4511 5582
-4242 -2481
-3857 -7985
-3602 -11186
-3474 -14513
-3089 -18482
-2962 -21169
-2578 -22194
-2449 -22578
-2450 -22450
-2193 -22834
-2193 -22577
-2065 -21554
-1938 -18866
-1682 -14769
-1553 -9266
-1425 -3890
-1425 -49
-1312 2639
-1312 6735
-1055 13774
-1183 20175
-1056 23631
-1055 25807
-1055 28367
-1055 31182
-928 32334
-672 32078
-671 30926
-672 30030
-416 29007
-288 27470
-415 25039
-543 21454
-415 16334
-416 10062
-416 4942
-415 1998
-402 -1458
-402 -7345
-529 -14641
-530 -19377
-529 -22065
-17 -24882
-145 -27697
-273 -30002
-146 -30386
-145 -30002
-146 -29873
-18 -29617
-17 -28991
238 -27313
-18 -24241
-17 -19776
110 -14272
110 -8370
-146 -4032
110 -1458
-159 2766
-160 10062
-159 16832
97 20416
96 22848
97 25792
96 29007
-32 30016
96 29761
224 28992
96 27982
-159 27342
-160 26191
-31 23759
-31 19919
-32 14913
225 8896
96 4160
97 975
-18 -1969
-18 -7601
-18 -14783
239 -20032
110 -22194
-146 -24753
-18 -28096
110 -30130
-145 -31025
-274 -31153
-18 -30898
-145 -30513
-273 -29745
-18 -27826
-145 -24881
-18 -20658
-146 -15040
111 -9024
111 -4657
-17 -1841
-31 2240
97 9408
97 16320
97 20175
-31 22720
353 25792
96 28751
-287 29888
96 29760
96 28992
96 28224
97 27328
96 25935
-31 23744
96 20032
97 15040
96 9550
-160 4431
-32 1089
239 -2111
238 -7616
110 -14528
111 -19505
-17 -22322
-145 -24882
-145 -27968
110 -30143
238 -30912
110 -30641
-18 -30399
239 -30271
239 -30001
-18 -28337
-17 -25393
-18 -20914
-146 -15281
-17 -9279
238 -4799
238 -1983
224 1857
225 8640
96 15936
96 20032
96 22336
96 25408
97 28097
225 29376
96 29505
224 28992
97 28097
225 27073
225 25793
225 23745
224 20302
-160 15439
-287 9678
-160 4431
-32 832
110 -1984
111 -7231
238 -14257
-18 -19890
-145 -22592
111 -25152
110 -28096
110 -30399
238 -31424
110 -31409
-18 -30898
-146 -30641
-18 -30144
111 -28721
-18 -25777
-17 -21297
-17 -15922
-146 -10176
111 -5696
110 -2496
96 1359
-31 8143
-288 15425
224 19777
225 22208
97 25281
225 28096
97 29391
-32 29518
-160 28751
-32 27727
-32 27215
-32 25920
97 24000
96 20544
97 15823
-31 9935
-32 4686
-159 1230
-146 -1970
-145 -6961
-18 -14001
-17 -19776
111 -22335
238 -25023
239 -28224
110 -30385
-18 -31153
-17 -31281
-18 -30912
111 -30528
110 -30144
110 -28608
111 -25905
-17 -21568
111 -16177
-17 -10033
-17 -5426
-146 -2481
-32 1600
97 7872
96 15168
353 19648
96 22080
97 25025
225 27841
225 29377
224 29504
96 28751
-32 27969
225 27329
225 26048
96 23886
-159 20687
-32 16192
96 10305
224 4929
225 1472
111 -1344
110 -6591
239 -13888
110 -19136
110 -22193
-17 -24625
-18 -27584
110 -30129
-17 -31025
-17 -31025
-18 -30912
110 -30400
111 -30001
-17 -28465
-18 -25778
-145 -21809
-17 -16448
111 -10560
111 -5952
111 -2624
353 961
225 7631
-32 14912
96 19535
-31 21967
-31 24782
-159 28111
-32 29760
97 29903
-32 28736
96 27969
224 27470
-160 26447
-288 24399
-31 21199
-31 16320
97 10703
-31 5327
-32 1344
110 -1457
-17 -5952
367 -13120
110 -18865
-18 -21937
-18 -24256
111 -27455
239 -30272
111 -31039
239 -31040
110 -30656
111 -30528
110 -30129
-18 -28864
367 -26432
110 -22208
367 -16960
110 -10930
-145 -6193
-17 -2865
-31 705
225 6848
96 14414
-160 19023
-31 21711
-32 24655
-32 27727
-32 29263
-32 29519
-32 28751
-32 27983
-31 27329
225 26049
224 24128
96 20815
-31 16064
97 10688
96 5199
-31 1216
111 -1585
-18 -6321
-18 -13233
-17 -19505
-18 -22449
-18 -24768
111 -27711
238 -30144
110 -31409
-18 -31680
111 -31296
111 -30784
110 -30399
238 -29120
110 -26560
111 -22592
110 -17599
239 -11584
366 -6592
366 -3263
481 193
225 6336
96 13889
225 18880
96 21568
352 24129
224 27201
225 29120
97 29376
96 28736
96 27983
-31 27073
225 26048
96 23886
-159 20928
97 16577
224 10817
224 5441
225 1729
495 -1329
-17 -5696
110 -12480
110 -18624
111 -22336
110 -24512
110 -27584
110 -30144
110 -31423
239 -31808
111 -31281
-18 -30656
110 -30400
110 -29376
111 -27200
110 -23232
367 -17728
366 -11456
110 -6577
-17 -3136
352 65
225 6080
97 13505
225 18625
225 21696
352 24384
96 27200
97 29135
-31 29391
-32 28751
-32 27983
-32 27200
96 26176
96 24399
-287 21455
-31 17088
97 11456
97 5824
97 1743
-18 -1201
-18 -5568
110 -12209
-17 -18481
-273 -22066
-145 -24369
-18 -27313
-18 -29888
111 -31040
110 -31153
-17 -30783
239 -30271
238 -30144
366 -29120
110 -26560
110 -22719
239 -17728
367 -11584
111 -6464
111 -3135
239 -64
353 5583
-31 13262
-159 18880
97 21696
96 24398
-160 27456
97 29647
-31 29888
96 29505
225 28864
97 28096
97 26831
-32 24911
-31 21952
352 17728
353 11968
96 6223
-31 2255
-17 -561
-17 -4671
238 -11456
110 -18112
110 -21425
-18 -23729
-17 -26673
-18 -29361
-18 -30656
110 -30656
111 -30258
-146 -30129
-17 -30015
238 -29119
239 -26943
238 -22975
238 -18111
239 -12081
-18 -6833
-17 -3392
96 79
-31 5568
96 13121
224 18752
97 21455
-32 24128
96 26945
224 29262
-160 29504
97 29121
224 27969
225 27343
-31 26560
96 24897
224 21825
225 17344
96 12096
97 6336
96 2127
-18 -704
110 -4543
238 -11199
238 -17600
110 -21440
110 -23729
-17 -26161
-17 -29234
-145 -31026
-145 -31282
-145 -31025
-18 -30898
-146 -30641
-18 -29361
-18 -27072
110 -23488
110 -18368
110 -12479
238 -7359
238 -3776
111 -576
96 4943
-31 12495
-32 18241
224 21312
96 23872
97 27087
-32 29263
-31 29647
-287 29120
97 28367
-32 27470
-159 26305
224 24385
224 21568
96 17472
97 12224
96 6465
224 2368
366 -448
110 -4529
-18 -11199
239 -17984
367 -21568
110 -24000
111 -26944
110 -29873
-17 -31295
239 -31552
110 -31168
110 -30911
239 -30784
110 -29873
-17 -27698
-146 -23985
-18 -19135
239 -13120
110 -7857
-18 -4017
-18 -703
225 4288
97 11968
96 17743
-32 20558
-159 23247
-31 26305
225 28608
97 29390
-159 29134
-160 28225
224 27456
97 26560
96 24897
225 22208
96 17984
97 12480
97 6849
225 2496
111 -319
238 -4032
110 -10432
111 -17216
110 -21169
-17 -23345
-17 -26161
-18 -29120
110 -30912
110 -31168
111 -30784
110 -30385
-18 -30386
-145 -29760
111 -27456
111 -23615
238 -18880
111 -13120
111 -7487
239 -3648
111 -817
-31 4303
-31 11968
97 17856
97 20929
225 23488
97 26816
97 29135
-31 29647
-31 29120
97 28366
-160 27470
-160 26703
-31 25038
-160 22350
-159 18127
-32 12879
-31 7375
-32 2894
-145 -49
-17 -3648
110 -10175
238 -17088
110 -21440
366 -23744
110 -26816
110 -29631
238 -31153
-17 -31793
-17 -31537
-17 -30770
-146 -30385
-18 -29632
110 -27583
238 -24256
111 -19505
-18 -13504
366 -7871
239 -3889
-18 -959
224 3663
-31 11214
-159 17359
-31 20416
97 22976
97 26304
97 28622
-159 29390
-160 29263
-31 28367
-32 27456
97 26560
97 25295
-32 22848
96 19009
224 13633
225 8129
225 3777
225 704
111 -2879
239 -9024
366 -15807
238 -19904
110 -22193
-17 -25152
110 -28096
110 -29873
-17 -30271
239 -30271
238 -29632
111 -29234
-145 -28480
111 -26944
367 -23345
-17 -18737
-17 -12849
-18 -7616
110 -4031
239 -1088
96 3904
96 11328
97 17344
96 20544
96 23118
-160 26191
-31 28864
97 29889
225 29376
96 28481
224 27712
96 26688
96 25408
97 22990
-160 18752
97 13519
-31 7617
224 2895
-17 -320
110 -3775
239 -9791
239 -16703
239 -21312
110 -23729
-17 -26673
-17 -29233
-273 -31026
-146 -31423
239 -31039
239 -30783
238 -30400
110 -29618
-145 -27712
110 -24511
238 -19904
111 -13873
-274 -8369
-18 -4288
110 -1216
97 3264
97 10688
97 17359
-32 20800
97 23232
352 26177
481 28865
224 29761
224 29775
-31 28879
-32 27969
224 27200
352 25921
224 23360
97 19392
97 14286
-160 8512
97 3776
97 719
-18 -2482
-146 -8369
-18 -15808
111 -20273
-17 -22592
110 -25279
238 -28607
239 -30528
110 -31153
-17 -31040
111 -30528
111 -30272
110 -29362
-145 -27697
-18 -24753
-17 -20273
-18 -14784
111 -8767
239 -4928
110 -1984
97 2496
96 9551
-32 15937
224 19776
97 22479
-32 25409
224 27969
224 28993
480 28992
352 28224
96 27456
96 26433
224 24896
97 22465
224 18496
97 13519
-31 7887
-31 3264
110 -177
-17 -3377
-18 -9138
-146 -16305
-17 -21312
111 -23616
110 -26033
-18 -29120
110 -31167
238 -31665
-18 -31410
-145 -31040
111 -30784
367 -30272
367 -28480
110 -25265
-17 -20786
-146 -14783
238 -9137
-18 -4785
-18 -1713
-31 2240
96 9511
