224 832
366 -1216
367 -4671
239 -9535
239 -13119
239 -15167
238 -17088
110 -19377
-18 -21183
238 -21951
238 -22207
238 -21951
239 -21824
110 -21425
-17 -20529
-18 -18609
-17 -15410
-145 -11072
111 -6976
367 -3647
239 -1087
225 2241
225 7617
225 12494
-160 15183
-31 17600
96 19791
-32 22080
97 23247
-31 23232
96 22351
-31 20928
352 20289
224 19520
96 18240
96 15169
225 11200
97 7104
97 3520
96 847
-18 -1472
110 -5312
110 -10431
239 -14143
239 -16192
110 -18111
238 -20416
367 -22080
111 -22848
110 -22976
110 -22720
111 -22578
-146 -22194
-145 -21312
111 -19264
110 -16064
111 -11569
-18 -7346
-145 -3890
-145 -1343
224 1857
225 7104
96 12353
225 15055
-32 16449
225 18880
352 20801
224 21824
97 21953
225 20929
224 19791
-31 19407
-32 18752
96 16960
96 14159
-32 10575
-31 6607
-32 3151
-32 590
-146 -1457
-17 -5425
-18 -10417
-18 -14001
-18 -16049
-18 -18097
-17 -20273
-17 -21824
111 -22577
-18 -22975
239 -23104
110 -22961
-18 -22706
-145 -21824
366 -19904
366 -16831
239 -12608
111 -8255
238 -4799
238 -2496
96 577
225 6080
97 11200
96 14400
353 16321
225 18880
96 20801
224 21824
352 21825
225 20943
-31 19904
96 19023
-31 18383
-31 17359
-31 14784
96 11072
96 6720
97 3265
225 449
239 -1855
238 -5312
110 -10432
111 -14400
111 -16447
239 -18495
238 -20672
111 -22080
110 -22719
238 -22975
238 -23232
110 -23744
110 -23487
239 -22080
111 -20031
239 -16704
366 -12224
111 -7730
-145 -4658
-145 -2112
96 1088
97 6336
353 11713
224 14656
96 16705
224 19264
353 21697
225 22720
97 22720
97 22208
96 20801
224 19791
-32 19278
-160 17984
97 15297
225 11713
225 7617
225 3777
225 1216
111 -831
239 -4672
111 -9792
111 -13632
110 -15551
238 -17329
-17 -19776
111 -21567
238 -22464
111 -22577
-17 -22592
111 -22336
110 -22208
110 -21440
110 -19648
110 -16561
-17 -12096
111 -7730
-145 -4672
111 -2112
352 832
352 5696
97 11200
97 14287
-32 16207
-32 18767
-32 21070
-159 22464
96 22593
225 21711
-31 20687
-32 19776
96 19264
97 18113
224 15937
224 12352
97 7360
97 3777
225 1217
238 -945
-18 -4543
238 -9664
110 -13489
-18 -15538
-146 -17344
111 -19520
366 -21440
111 -22592
111 -22848
111 -22833
-17 -22322
-146 -22194
-145 -21553
-18 -19904
110 -16576
110 -12736
366 -8369
-18 -4800
110 -2225
-32 576
97 5583
-32 11342
-159 14784
96 16704
97 18880
97 21185
225 22208
96 22593
225 21953
224 20800
97 19904
96 19265
225 18113
224 15425
225 11713
224 7745
225 3776
96 1088
111 -1088
110 -4800
110 -9663
238 -13759
239 -15679
239 -17713
-18 -19904
110 -21951
238 -22975
239 -23359
239 -23360
111 -23103
238 -22975
238 -22463
239 -20799
238 -17855
238 -13489
-18 -8881
-18 -5312
111 -2609
-32 321
225 5057
480 10049
224 13120
96 15168
96 17728
353 20161
224 21825
225 21697
224 21056
97 20175
-32 19265
224 18496
97 17345
225 15296
97 11983
-32 7744
97 3777
225 1217
238 -703
238 -4032
110 -9152
110 -13489
-18 -15808
110 -17344
111 -19519
239 -21311
238 -22705
-18 -23217
-17 -22833
-17 -22336
111 -22336
366 -21951
239 -20287
238 -17344
111 -13120
111 -8512
110 -5056
111 -2368
96 320
96 4929
225 10432
353 14529
225 16335
-31 18368
96 20800
96 22336
96 22593
225 21696
97 20417
224 19521
225 19151
-32 17998
-159 15808
97 12480
353 8384
353 4544
353 1729
239 -575
238 -3775
239 -8768
111 -12864
111 -15168
110 -17087
238 -18879
238 -20672
110 -22208
111 -23360
111 -23345
-18 -22976
111 -22592
110 -21937
-17 -20288
111 -17215
238 -13247
238 -8640
110 -4785
-17 -2097
-287 462
-159 4814
-160 10063
-32 14144
97 16335
-32 18511
-31 21199
-31 22720
96 22848
353 22223
-32 21312
96 20544
97 19905
225 19150
-159 16846
-160 13376
97 9152
97 5056
96 2368
352 320
111 -3136
111 -8256
111 -12608
111 -14897
-18 -16576
367 -18738
-146 -20913
-18 -21952
110 -22464
111 -22321
-18 -22207
238 -22208
366 -21439
238 -19903
238 -17344
366 -13504
367 -8767
239 -5169
-17 -2623
224 64
96 4417
225 9921
224 13903
-32 16192
96 18497
224 20544
96 21825
225 22209
225 21967
-32 20815
-31 19904
96 19520
96 18241
224 15680
96 12097
225 8384
96 4416
96 1344
111 -576
111 -3647
238 -8383
238 -12735
239 -15168
111 -16960
110 -18865
-17 -21055
239 -22335
238 -22961
-18 -22719
238 -22464
110 -22208
111 -21823
238 -20672
367 -17983
238 -14016
110 -9394
-146 -5824
110 -3008
110 -448
96 3919
-31 9423
-31 13505
224 15681
225 17857
225 20161
224 21824
96 22337
225 21952
96 20544
96 19777
224 19009
224 17999
-31 16079
-31 12751
-32 8769
225 5057
225 1999
-17 -320
111 -3121
-17 -8000
111 -12608
111 -15168
110 -17088
111 -19505
-18 -21425
-17 -22578
-146 -23217
-18 -23488
111 -23345
-18 -23232
110 -22720
111 -21312
111 -18751
238 -14784
110 -10176
110 -6080
111 -3136
110 -960
96 2880
352 8513
225 12751
-32 15183
-31 17344
97 19904
96 21568
352 22080
97 21696
96 20800
96 19520
96 18767
-31 17857
225 16079
-31 13007
-32 9039
-31 4814
-159 1742
-145 -305
-18 -3264
110 -7871
238 -12480
367 -15168
111 -16960
111 -19264
366 -21183
238 -22720
110 -23231
239 -23359
239 -23089
-17 -22833
-18 -22208
366 -21184
366 -18367
239 -14655
239 -10304
111 -6208
111 -3392
111 -1088
353 3009
224 8527
-32 12608
96 14912
97 17103
-31 19648
97 21440
353 21953
225 21697
224 20544
353 19649
225 18880
352 17984
352 16193
481 12992
353 9152
97 5056
97 1984
110 -448
110 -3264
111 -7488
110 -12224
366 -14769
-17 -16177
-18 -18368
111 -21312
110 -22976
110 -23488
367 -23615
238 -23231
238 -22976
367 -22847
238 -21696
110 -18865
-18 -15039
238 -10431
238 -6577
-17 -3904
110 -1201
-31 2767
-31 8143
-31 12480
96 14912
96 16960
96 19521
225 21184
352 21824
97 21710
-159 20943
-32 19791
-32 18767
-31 18113
224 16449
224 13376
96 9536
96 5441
224 2112
110 -191
239 -2879
238 -7359
238 -12223
238 -15040
110 -16832
111 -18752
110 -20671
239 -22336
110 -23232
111 -23360
367 -22848
110 -22720
111 -22335
238 -21169
-18 -18866
-146 -15040
110 -10688
110 -6848
111 -4159
239 -1599
224 2112
352 7745
224 12352
96 14912
96 16960
97 19407
-31 21199
-31 21952
96 21825
225 21185
224 20032
97 19136
96 17984
97 15808
96 13135
-32 9295
-32 5199
-31 1742
-145 -561
-18 -2751
239 -7232
110 -12209
-17 -14912
110 -16832
111 -19008
111 -21056
111 -22336
111 -22848
110 -23232
111 -23104
110 -23217
-18 -22705
-17 -21823
239 -19520
366 -15808
366 -11455
239 -7488
367 -4416
367 -1856
96 1856
97 7361
225 11983
-31 14529
224 16448
352 18752
97 20943
-32 21824
97 21454
-159 20430
-159 19407
-31 18881
225 18113
224 16705
224 13903
-32 9807
-31 5568
97 2240
352 65
239 -2097
-17 -6449
-274 -11953
-273 -15154
-146 -16575
238 -18368
110 -20914
-145 -22321
-17 -23104
110 -23473
-18 -23217
-18 -22976
111 -22848
110 -21681
-17 -19264
110 -15807
238 -10930
-146 -6848
111 -4159
238 -1969
-31 1487
-32 6976
353 11968
352 14912
97 16833
225 19407
-31 21198
-159 21711
-32 21568
97 20416
353 19648
352 19264
353 18624
353 17089
225 14017
224 10319
-31 6351
-32 2880
97 448
110 -1984
111 -6193
-17 -11072
111 -14400
110 -16320
111 -18225
-18 -20416
110 -21937
-17 -22833
-18 -23231
238 -22719
238 -22720
110 -22463
239 -21567
239 -19263
238 -15808
111 -11072
111 -6976
110 -4032
111 -1855
224 1600
96 7232
96 12111
-32 14912
96 16960
96 19535
-31 21697
224 22336
97 22222
-160 21326
-159 20416
96 19776
97 18880
96 17729
225 14785
224 10816
96 6720
353 3265
480 832
367 -1343
239 -5440
111 -10047
239 -13120
110 -15040
110 -17856
110 -20145
-18 -21696
110 -22208
110 -22449
-18 -22208
110 -21937
-17 -21809
-17 -21056
110 -19136
110 -15551
495 -11328
111 -6976
111 -3647
238 -1215
224 1856
96 6977
224 11585
225 14528
96 16704
353 19137
480 21057
225 21952
353 21952
352 21057
225 19905
481 18881
481 17857
481 16321
480 13889
480 10305
481 6080
352 2625
480 64
622 -2496
622 -6848
622 -11968
878 -15296
879 -17471
1006 -19647
1006 -21952
1391 -23871
1007 -24895
1007 -25407
1518 -25280
1391 -25151
1262 -25280
1647 -24640
1646 -23232
1647 -20032
1903 -15935
2030 -12224
2159 -9279
2286 -7615
2543 -5184
2926 -447
2784 4416
2912 6464
3169 7872
3424 9793
3808 11072
3937 11457
4320 11328
4705 9409
5088 7232
5217 5057
5600 3136
6240 576
6766 -3008
7023 -8000
7278 -13504
8046 -18368
8302 -22464
8815 -26432
9582 -31679
9965 -38463
10732 -43967
11500 -48063
12268 -51904
12908 -56511
13804 -60607
14828 -63680
15727 -67136
16494 -69824
17518 -72639
18671 -75584
19823 -78399
21231 -80191
22510 -80319
23790 -79808
25199 -79679
26607 -80704
28271 -82496
30062 -84159
31982 -84157
33774 -84158
35438 -86717
37359 -90686
39535 -94526
41837 -98877
44269 -104509
46573 -111421
49133 -119613
51948 -128701
54511 -137534
57454 -146621
60911 -156989
63980 -168896
67437 -182335
70895 -196671
74734 -211135
78575 -224575
82412 -238527
86509 -254272
90991 -271936
95599 -288829
100332 -304573
105197 -320830
110190 -337854
115567 -354877
121068 -371646
126573 -388671
132846 -405696
139119 -423744
145516 -442303
152047 -460863
158702 -478909
165869 -496190
173420 -513469
181230 -531646
189038 -551616
196972 -572608
205422 -594368
214382 -615104
223341 -635710
232302 -659389
241647 -685373
251628 -711614
261742 -739008
272236 -768192
282991 -799039
293868 -831934
305262 -865981
316909 -900671
328686 -936384
340845 -973631
353518 -1012925
366319 -1054014
379500 -1096894
393071 -1140032
406895 -1183039
420845 -1226557
435438 -1272509
450030 -1320639
465132 -1368768
480364 -1415614
495726 -1463230
511598 -1512384
527724 -1561791
544237 -1611070
561007 -1660734
577903 -1710655
595181 -1761343
612844 -1812670
630382 -1864382
648302 -1915839
666606 -1966528
685165 -2016574
703596 -2066879
722158 -2118847
741103 -2172222
760172 -2226109
779501 -2278463
798957 -2330431
818158 -2384829
837870 -2440639
857582 -2496704
877164 -2553022
896621 -2610494
916332 -2668992
936044 -2728381
955884 -2788542
975727 -2848320
995182 -2907584
1014895 -2967101
1034222 -3027391
1053423 -3088447
1072623 -3149629
1091309 -3210301
1109997 -3269440
1128557 -3327040
1146476 -3384766
1164396 -3443647
1182190 -3500991
1199343 -3555646
1216366 -3608765
1232621 -3661119
1248492 -3711680
1264238 -3760061
1279214 -3806397
1293548 -3850686
1307502 -3893440
1321070 -3934656
1333869 -3973437
1346030 -4009405
1357804 -4042173
1368303 -4072256
1378669 -4099903
1387757 -4125760
1396335 -4150592
1404268 -4172478
1411180 -4190398
1417070 -4204989
1422063 -4218941
1426668 -4231357
1429996 -4241341
1432300 -4247998
1433709 -4253245
1434349 -4256574
1433709 -4257853
1432045 -4256574
1429357 -4251966
1425517 -4244029
1420780 -4233149
1414895 -4220224
1407854 -4204992
1399660 -4187328
1390445 -4165952
1380206 -4139966
1368684 -4110526
1355887 -4078399
1342188 -4044479
1327086 -4006592
1310830 -3963326
1293676 -3916223
1275372 -3866047
1255919 -3811901
1235182 -3753661
1213166 -3691968
1190254 -3625917
1166318 -3556800
1141103 -3484223
1114860 -3407805
1087725 -3327296
1059694 -3242430
1030510 -3153599
1000172 -3061182
968815 -2966591
936685 -2870334
903790 -2770880
869741 -2666813
834799 -2559295
798958 -2451133
762349 -2341952
725358 -2229952
687215 -2115133
648684 -1999552
609133 -1883453
569069 -1766207
528623 -1647679
487151 -1526589
445422 -1403583
403436 -1279677
360685 -1155646
317548 -1031103
274157 -906302
230509 -779838
186221 -651583
141804 -521920
97133 -391998
52335 -263231
7407 -133171
-37649 -561
-82464 132428
-127135 264141
-171296 395342
-215200 526413
-258591 656333
-301854 783182
-344733 909261
-387101 1035980
-428957 1162190
-470430 1288269
-511006 1413966
-551583 1538766
-591264 1662796
-630431 1784270
-668575 1902541
-706334 2019151
-743710 2135628
-780191 2250958
-815776 2362700
-850333 2470863
-884255 2576588
-917149 2679758
-949664 2780237
-980766 2877519
-1010975 2970572
-1040541 3060174
-1068960 3146828
-1096351 3230159
-1122590 3310413
-1147677 3386573
-1171997 3458254
-1195422 3525709
-1217566 3590221
-1238302 3652687
-1258269 3712462
-1277344 3767884
-1294751 3818191
-1311261 3865551
-1326622 3911502
-1340832 3954764
-1354141 3994316
-1366173 4030670
-1377183 4064463
-1387040 4095567
-1395741 4124111
-1403423 4149453
-1409822 4171597
-1415198 4190797
-1419551 4207565
-1422879 4222412
-1425053 4234956
-1426078 4245581
-1426461 4252108
-1425822 4254540
-1424029 4254157
-1421342 4252749
-1417502 4249420
-1413021 4241614
-1407390 4229455
-1401119 4214990
-1393824 4197966
-1385885 4177358
-1377183 4153292
-1367710 4126285
-1357342 4096333
-1346592 4064335
-1334815 4030415
-1322526 3994189
-1309471 3955149
-1296157 3912909
-1282336 3867983
-1267488 3821647
-1252381 3775180
-1236637 3727565
-1220895 3677903
-1204512 3625294
-1187488 3571532
-1170333 3518925
-1152798 3465806
-1134751 3411407
-1116704 3355980
-1098655 3300814
-1079966 3245647
-1061405 3190221
-1042461 3134669
-1023261 3078350
-1003935 3022031
-984352 2966093
-964896 2911311
-945437 2857422
-925854 2804044
-906398 2749260
-886943 2693838
-867487 2638029
-847904 2583629
-828446 2530895
-809245 2477006
-789918 2421325
-770848 2366030
-751775 2311119
-732959 2255820
-714142 2199885
-695838 2143566
-677278 2087247
-658974 2031437
-641055 1976269
-623648 1921614
-606111 1866700
-588957 1811404
-571806 1756238
-555166 1701711
-538400 1648716
-522143 1597389
-506397 1546191
-490525 1493454
-475039 1441998
-459935 1393868
-445086 1347148
-430750 1300815
-416544 1254479
-402464 1211981
-388893 1170893
-375584 1130828
-362653 1091535
-349984 1053006
-337566 1015885
-325406 980557
-313888 947277
-302110 916046
-290974 886351
-280095 857039
-269597 827596
-259231 798925
-249373 772556
-239519 748493
-230431 723663
-221213 697807
-211999 672975
-203549 648908
-195486 625229
-187423 601293
-179486 577100
-171936 553036
-164768 529743
-157725 507599
-151072 485710
-144543 463823
-138270 441167
-131872 418380
-125856 396364
-120478 376141
-114975 357068
-109727 337869
-104734 317772
-99997 298191
-95264 281167
-90655 265935
-86302 250446
-82077 235471
-78111 222159
-74271 209870
-70816 198478
-67229 188109
-64029 177869
-60957 168397
-57631 160205
-54816 153677
-52000 148812
-49312 144972
-46751 140749
-44320 136269
-42016 131404
-39581 128460
-37533 127692
-35741 125644
-33950 121934
-31901 118735
-30237 115919
-28702 112206
-27037 107470
-25501 102350
-23967 96975
-22816 91982
-21664 87375
-20256 82511
-18975 77263
-17952 70734
-17053 63695
-16158 56399
-15134 50254
-14237 45262
-13469 39887
-12574 32846
-11935 26062
-11168 21071
-10527 17103
-9760 13135
-9247 9422
-8863 6095
-8223 3534
-7328 2127
-6944 1102
-6546 -434
-6289 -1585
-5905 -1841
-5649 -561
-5407 2511
-4896 6222
-4767 9166
-4256 10830
-3999 12494
-3488 15695
-3360 20814
-3232 24398
-2975 25806
-2719 27086
-2720 29263
-2592 30798
-2208 30798
-1951 29903
-2080 28494
-1951 27086
-1695 25807
-1568 24654
-1695 22478
-1439 19151
-1311 14798
-1183 10191
-1056 6734
-928 4686
-927 1486
-914 -3250
-1169 -7986
-1170 -11185
-786 -13489
-785 -15666
-658 -17842
-658 -19633
-530 -20402
-401 -20530
-657 -20273
-530 -19889
-274 -19889
-274 -19377
-274 -17073
-274 -13234
-402 -8882
-401 -4658
-401 -1586
-160 591
-288 4174
-159 9423
-287 14030
-416 16462
-415 18382
-159 20942
-159 22991
-31 23502
-160 23119
-287 21967
-288 20815
-31 20174
-160 19279
-31 17600
97 14542
-160 10575
-287 6351
-287 3278
-160 847
-530 -1714
-145 -6208
110 -11186
-146 -14002
-146 -15808
111 -17728
366 -19890
-145 -21297
-17 -22066
-146 -22193
-274 -21681
-17 -21553
-18 -21440
111 -20529
-18 -18354
-145 -14385
-18 -9920
111 -5937
-18 -2993
-17 -576
96 3407
-31 8910
-160 13647
-32 15951
-32 17984
96 20544
97 22735
-31 23488
96 23104
96 21838
-159 20943
-31 20174
-160 19264
96 17985
225 14785
224 11087
-32 7233
225 3777
224 1103
-17 -1585
-18 -6080
110 -10673
-18 -14001
-18 -15793
-18 -17841
-17 -20031
239 -21567
238 -22449
-18 -22449
-18 -22194
-146 -21937
-17 -21568
366 -20672
111 -18481
-18 -15026
-146 -10417
-18 -6322
-145 -3121
-17 -320
97 3008
97 8640
96 13647
-31 15823
-31 17615
-32 20288
96 22095
-32 23119
-31 23247
-288 22095
-32 20815
-31 20174
-159 19150
-160 17742
-160 15183
-32 11328
96 6977
224 3392
97 975
-17 -1329
-17 -5440
110 -10432
111 -13888
110 -15794
-146 -17842
-146 -19889
-17 -21568
111 -22336
110 -22464
110 -21937
-17 -22079
239 -21823
239 -20800
367 -18752
366 -15039
239 -10545
-18 -6592
110 -3761
-18 -1216
96 2368
96 8015
-32 13135
-31 16321
225 18112
353 19904
97 21711
-32 22607
-32 22592
96 21824
97 20929
225 20160
96 19535
-32 17984
97 15055
-31 11200
97 7104
96 3649
224 1344
110 -1216
111 -5425
-17 -10034
-145 -13617
-18 -15296
110 -17600
111 -19776
111 -21553
-18 -22194
-146 -22720
111 -22336
110 -21681
-17 -21568
110 -20914
-145 -18993
-17 -15424
367 -11072
366 -7104
110 -4032
111 -1329
-32 2112
97 7360
97 12480
353 15297
224 17216
96 19520
96 21583
-32 22607
-288 22863
-288 21824
97 20673
224 20032
97 19136
96 17742
-159 14799
-31 11215
-31 7119
-31 3535
-31 1216
111 -1599
238 -5312
111 -10289
-17 -13874
-145 -15936
110 -17841
-18 -20145
-18 -21440
110 -22208
111 -22336
111 -21824
110 -21938
-145 -22322
-146 -21426
-145 -19506
-145 -16192
110 -11712
111 -7217
-17 -3889
-17 -1585
-31 1487
-31 7105
225 12225
225 15296
96 17472
96 19791
-32 21839
-32 22863
-31 22735
-287 22222
-159 20943
-31 20160
97 19407
-32 18254
-160 15695
-32 11854
-160 7503
-31 4047
-32 1359
-17 -1074
-146 -4785
-18 -9905
-17 -13376
110 -15296
110 -17344
111 -19776
367 -21297
-18 -22208
110 -22449
-17 -22591
238 -22464
111 -22321
-17 -21311
238 -19392
366 -16049
-17 -11826
-145 -7488
111 -4159
239 -1856
97 1472
97 6849
224 11840
96 14927
-32 16974
-159 19662
-159 21710
-160 22607
-31 22478
-159 21966
-159 20672
97 19904
97 19150
-159 18112
97 15808
97 12239
-32 8000
96 3905
224 1344
111 -1087
239 -4913
-17 -9792
110 -13504
111 -15168
110 -16817
-17 -19264
110 -20927
239 -22080
111 -22322
-146 -22208
110 -22464
110 -22193
-17 -21042
-145 -19249
-17 -15936
111 -11825
-18 -7360
110 -3776
111 -1330
-159 1743
-288 6991
-32 12097
225 15041
225 16591
-32 19023
-31 21441
225 22464
96 22606
-159 21966
-159 20672
97 19905
225 19136
96 17743
-287 15296
97 11727
-32 7232
96 3648
353 1217
239 -1343
238 -5055
239 -10033
-17 -13888
110 -15808
111 -17728
110 -20145
-17 -21824
111 -22833
-18 -23473
-17 -23346
-146 -23218
-146 -22720
111 -21824
111 -20032
110 -17088
111 -12849
-17 -8511
239 -5184
366 -2752
96 320
97 5824
352 11328
353 14273
224 15681
224 17985
224 20545
224 21824
353 21953
225 21441
224 20288
96 19521
225 18624
97 17345
224 15182
-160 11599
-31 7360
97 3791
-32 1088
111 -817
-17 -4657
-17 -9777
-18 -13490
-146 -15296
111 -17472
111 -19761
-18 -21695
238 -22720
110 -22961
-17 -22848
110 -22719
239 -22336
367 -21824
110 -20416
110 -17329
-18 -13503
239 -9023
238 -5311
239 -2623
225 193
225 5312
97 10945
224 14145
224 16207
-31 18639
-32 20814
-160 22080
96 22336
97 21697
225 20431
-32 19791
-32 19023
-32 17999
-32 15680
97 11712
97 7887
-32 4430
-159 1487
-18 -689
-17 -4160
111 -9280
366 -13503
238 -15793
-17 -17472
110 -19391
239 -21312
110 -22193
-18 -22705
-18 -22975
238 -22976
111 -22592
110 -21696
110 -19889
-17 -16960
111 -12864
111 -8512
110 -5041
-18 -2239
224 321
224 4928
97 10944
96 14401
224 16207
-31 18625
225 20929
481 22208
97 22720
96 22095
-32 20815
-31 20160
97 19663
-31 18127
-31 15552
97 12239
-31 8384
96 4687
-31 2241
224 64
110 -3249
-18 -8384
111 -12607
238 -15039
238 -16832
367 -18737
-18 -20658
-145 -21810
-145 -22335
239 -22079
495 -21823
238 -21695
239 -21567
239 -20031
238 -16831
239 -12864
367 -7999
238 -4544
110 -2240
97 207
-32 4943
-32 10575
-31 14273
224 16193
224 18753
225 21441
224 22849
225 22721
224 21824
97 20686
-160 19790
-160 19023
-32 18496
97 16576
352 12864
97 8129
224 4160
352 1600
111 -305
-18 -3520
110 -8384
367 -12864
110 -15040
111 -16960
366 -19136
366 -21184
110 -22208
110 -22975
239 -22833
-17 -22833
-17 -22335
238 -21681
-17 -20288
111 -17728
110 -13759
239 -9024
110 -5312
111 -2624
96 65
225 4288
96 9792
353 13761
225 15808
97 18112
97 20416
352 21825
225 22478
-160 21839
-32 20801
224 19777
224 19023
-32 17743
-31 15808
97 12481
224 8256
97 4545
225 1728
111 -320
111 -3392
111 -8256
110 -12735
239 -14912
367 -16703
238 -18880
110 -20928
367 -22335
239 -22847
239 -22591
239 -22335
238 -22208
110 -21439
239 -20273
-18 -17600
110 -14016
111 -9536
111 -5681
-18 -2737
-18 -177
-287 4288
97 9409
224 13120
97 15296
96 17231
-32 19791
-31 21441
225 22223
-32 21568
96 20289
480 19265
480 18497
225 17615
-32 15695
-32 12623
-32 8768
97 4545
224 1857
238 -447
238 -3520
111 -8256
110 -12735
238 -15295
239 -16960
111 -19008
110 -20927
239 -22080
111 -22833
-17 -22592
111 -22577
-18 -22720
111 -22079
239 -20800
366 -18111
238 -14271
238 -9664
366 -5823
238 -3249
-18 -704
97 3535
-31 9423
-31 13504
97 15567
-32 17999
-31 20431
-32 21583
-31 21967
-32 21568
96 20303
-32 19535
-32 18767
-31 17600
97 15553
225 12495
-31 8911
-31 4800
96 1601
238 -689
-18 -3249
-18 -7857
-18 -12977
-17 -15680
110 -17344
366 -19135
495 -21055
238 -22720
110 -24241
-18 -24768
110 -24511
239 -24384
110 -24000
110 -22976
111 -20544
110 -17087
238 -12735
238 -8896
366 -6335
238 -3775
224 576
353 6593
225 10959
-32 13376
96 16192
97 18880
96 20815
-32 21583
-31 21440
96 20303
-32 19520
97 19151
-31 18368
96 16704
96 13377
225 8897
225 4801
224 1856
111 -320
111 -3633
-17 -7999
239 -12608
110 -15281
-17 -17216
110 -18880
110 -21169
-18 -22450
-145 -23089
-17 -23104
111 -22592
110 -22464
111 -22079
239 -21056
110 -18623
239 -14911
494 -10431
494 -6335
239 -3634
-146 -960
97 3009
225 8385
225 12737
225 14784
352 16961
224 19520
97 20928
96 21568
97 21455
-32 20288
96 19264
96 18752
97 17871
-31 15809
225 12495
-31 8654
-160 4687
-32 2127
-17 -64
110 -2752
111 -6976
110 -11185
-17 -14129
-17 -15921
-17 -17984
111 -20017
-18 -21681
-17 -22335
238 -22464
111 -22065
-18 -21952
110 -21696
111 -20529
-18 -18112
110 -14513
-17 -10033
-18 -6080
111 -3648
110 -1457
-32 2639
-288 8270
-160 12366
-160 14656
97 17088
353 19918
-159 21711
-287 22464
97 22208
96 21071
-32 20047
-32 19265
224 18497
224 16961
225 14031
-31 9921
225 5839
-32 2624
96 320
110 -2496
110 -6848
110 -11441
-17 -14144
110 -16063
239 -18239
239 -20287
238 -21952
110 -22464
111 -22592
110 -22208
110 -22207
239 -21824
110 -20657
-18 -18624
111 -14911
239 -10047
239 -5696
111 -2880
111 -576
97 2753
225 8128
97 12751
-32 15424
97 17600
96 19776
96 21568
97 22721
224 22849
225 21696
97 20160
353 19150
-160 18511
-32 16705
224 13632
96 10049
224 6209
225 3030
