111 -15168
110 -15552
111 -14911
238 -14016
366 -13760
366 -13760
366 -13504
110 -12224
111 -10546
-146 -7602
-146 -4529
-17 -2111
238 -960
97 719
-31 4047
-31 7631
-32 10063
-32 11343
-31 12494
-160 13902
-159 15040
97 15040
96 13888
96 13135
-31 12495
-32 11855
-31 10958
-160 9551
-32 7233
225 4288
96 1615
-17 -49
-18 -1216
111 -3392
110 -6848
110 -9649
-17 -11071
238 -12224
111 -13361
-17 -14897
-17 -15424
110 -15281
-18 -14513
-17 -13887
238 -13760
110 -13489
-17 -12337
-18 -10687
239 -8000
111 -4657
-18 -2225
-17 -832
96 833
224 3905
225 7872
96 10318
-159 11214
-159 12224
96 13889
224 14656
96 14671
-32 14158
-159 13262
-160 12367
-32 11855
-288 11087
-32 10063
-287 7886
-160 4929
224 2112
96 78
-146 -1201
-18 -3520
111 -6976
110 -9905
-17 -11584
110 -12224
111 -13617
-17 -15168
110 -15551
239 -15167
239 -14656
111 -14144
111 -13873
-17 -13361
-18 -12465
-18 -10930
-146 -8369
-17 -5184
110 -2496
111 -831
225 719
-31 3521
225 7360
96 9793
224 10831
-32 12111
-32 13888
96 14656
352 14400
97 13760
97 12737
225 12224
96 11840
96 11087
-31 9920
96 7744
97 5057
224 1857
238 -192
111 -1074
-146 -3249
-18 -6577
-17 -9522
-145 -11057
-18 -12209
-17 -13631
238 -14783
239 -15423
239 -15679
238 -14784
111 -14400
111 -14130
-145 -13873
-18 -12736
110 -10944
111 -8512
111 -5440
111 -2624
111 -832
96 591
-32 3407
-32 7247
-32 10063
-31 10959
-31 12224
96 13888
97 14799
-32 14913
225 14287
-31 13519
-287 12750
-159 12239
-31 11471
-31 10191
-31 8143
-31 5568
97 2511
-32 320
111 -817
-18 -2737
-17 -6449
-17 -9521
-18 -10944
111 -11840
366 -13247
239 -14641
-18 -15026
-145 -14897
-17 -14385
-17 -14144
110 -13760
367 -13375
239 -12351
238 -10688
111 -8256
110 -5056
111 -2624
110 -1201
-31 463
-32 3150
-159 7119
-32 9806
-160 11087
-32 12111
-31 13519
-32 14671
-31 15040
96 14414
-159 13262
-160 12879
-32 12366
-159 11471
-31 10190
-159 8399
-31 5568
96 2368
97 192
111 -1073
-18 -2751
238 -5823
239 -9265
-17 -10801
-17 -11825
-17 -13106
-145 -14656
110 -15551
238 -15296
111 -14656
111 -14400
110 -14272
111 -14144
111 -13120
110 -11456
111 -8512
110 -5553
-18 -3008
111 -1344
97 207
-32 2895
-32 6720
97 9679
-32 10830
-416 11855
-32 13391
-31 14543
-32 14670
-159 14031
-31 13263
-31 12751
-32 12353
224 11343
-32 10318
-159 8399
-32 5696
97 2511
-32 320
110 -960
110 -2751
239 -5951
238 -9408
110 -11185
-17 -12096
111 -13376
110 -14769
-17 -15680
111 -15665
-17 -15153
-18 -14528
111 -14144
110 -13760
111 -12849
-17 -11314
-146 -8882
-146 -5809
-17 -2866
-146 -960
97 193
224 2881
224 6720
97 9408
97 10689
225 11983
-32 13647
-32 14656
97 14799
-31 14272
97 13263
-32 12608
96 12111
-32 11599
-31 10432
97 8911
-32 6223
-31 3008
96 832
111 -832
111 -2368
111 -5439
239 -8753
-17 -10816
111 -11825
-17 -13106
-145 -14385
-18 -15282
-145 -15409
-18 -15025
-18 -14257
-17 -14144
111 -13888
111 -12864
110 -11455
239 -9280
111 -6207
238 -3263
239 -1344
96 64
96 2639
-31 6095
-32 9039
-31 10703
-31 11727
-287 13248
97 14543
-31 14799
-287 14528
96 13632
97 12737
224 12096
97 11471
-32 10304
97 8384
97 5838
-159 2767
-31 448
110 -960
111 -2624
111 -5695
239 -9024
110 -10944
110 -11698
-145 -12849
-18 -14272
111 -15167
239 -15680
110 -15296
111 -14399
239 -14385
-17 -14144
367 -13119
238 -11456
111 -9265
-17 -6208
111 -3135
239 -1343
238 -191
224 2383
-31 6080
97 9167
-32 10830
-159 11726
-160 13120
96 14400
97 14785
224 14415
-31 13504
96 12623
-32 12096
97 11712
96 10574
-160 8527
-31 6080
96 2895
-31 463
-18 -946
-146 -2225
-18 -5041
-18 -8625
-17 -10801
-18 -11698
-146 -12736
111 -14144
366 -15040
111 -15424
110 -15281
-17 -14641
-17 -14399
239 -13887
495 -13119
238 -11442
-146 -9393
-17 -6464
111 -3377
-18 -1728
110 -192
353 2241
225 6095
-31 9152
97 10688
96 11584
96 13134
-160 14401
224 14657
224 14159
-31 13519
-32 12878
-160 12366
-159 11726
-159 10688
96 8768
97 6336
96 3392
97 974
-145 -320
110 -1984
111 -4914
-145 -8497
-18 -10432
111 -11583
238 -12991
238 -14257
-17 -15410
-145 -15424
110 -14783
239 -14400
110 -14016
111 -13873
-18 -13248
111 -11583
239 -9521
-17 -6449
-17 -3392
110 -1457
-17 -320
97 1743
-31 5583
-31 9166
-160 10560
96 11329
225 12737
225 14273
225 14784
97 14542
-159 13519
-32 12608
97 12239
-32 11343
-31 10447
-31 8897
225 6336
97 3264
96 832
111 -831
238 -2225
-17 -4913
-17 -8497
-18 -10674
-146 -11697
-18 -12721
-17 -14400
111 -15168
110 -15537
-17 -15153
-17 -14656
110 -14272
110 -14015
239 -13375
238 -11954
-146 -9650
-145 -6705
-17 -3903
239 -1856
111 -320
96 1857
225 5312
96 9025
224 10817
224 11584
96 12879
-31 14272
96 14927
-32 14671
-31 13761
224 12864
96 12366
-159 11712
97 10688
97 9166
-160 6720
96 3663
-31 960
111 -832
111 -2112
367 -4927
239 -8255
239 -10559
238 -11456
111 -12608
110 -14257
-18 -15537
-18 -15552
367 -15153
-17 -14400
111 -14129
-17 -13888
110 -13234
-145 -12081
-18 -9920
111 -6961
-17 -3633
-17 -1585
-17 -319
224 1615
-32 5199
-32 8768
97 10447
-31 11471
-31 12751
-31 14287
-31 14798
-159 14286
-159 13504
97 12751
-32 12366
-160 11584
96 10560
353 9152
353 6848
97 3776
96 1103
-17 -576
111 -1856
110 -4288
110 -8113
-17 -10802
-146 -11954
-145 -12849
-18 -14257
-18 -15296
110 -15282
-145 -15153
-18 -14769
-17 -14399
239 -14143
239 -13376
110 -11967
238 -9919
239 -6961
-18 -4032
111 -1856
111 -576
96 1359
-32 4943
-32 8513
225 10433
225 11713
225 12736
97 14528
96 15168
97 14528
96 13888
96 13134
-160 12367
-32 11855
-32 10831
-31 9152
97 6592
96 3904
97 1216
111 -319
238 -1984
111 -4401
-18 -7857
-17 -10545
-18 -11712
111 -12607
239 -14129
-18 -15281
-18 -15551
239 -15424
110 -14769
-18 -14513
-17 -14144
110 -13504
110 -12223
238 -10176
111 -7217
-18 -4017
-17 -1600
111 -320
353 1473
225 5071
-32 8271
-31 10177
224 11329
225 12495
-32 13903
-32 14671
-32 14400
97 13760
352 13120
353 12480
353 11713
224 10831
-32 9024
96 6735
-32 3919
-31 961
239 -561
-17 -1600
111 -3889
-18 -7601
-17 -10560
111 -11839
238 -12721
-17 -14130
-145 -15168
111 -15424
110 -15025
-17 -14655
238 -14527
239 -14143
239 -13376
111 -12081
-17 -10303
239 -7743
239 -4671
238 -2240
367 -576
352 1345
224 4686
-159 7886
-160 10304
97 11200
96 12097
224 13632
97 14528
96 14415
-31 13760
96 12879
-32 12623
-32 12096
97 10944
97 9408
97 7361
225 4302
-160 1359
-17 -576
110 -1983
238 -4031
238 -7360
367 -10048
367 -11328
110 -12223
238 -13759
239 -15153
-17 -15423
238 -15040
366 -14784
111 -14399
239 -13887
239 -13631
238 -12480
111 -10545
-18 -7872
110 -4543
239 -2368
110 -704
96 1103
-31 4032
96 8015
-31 10446
-159 11471
-32 12608
352 13888
96 14656
96 14671
-31 14031
-31 12992
96 12623
-32 12111
-32 11073
225 9664
96 7488
96 4673
225 1985
225 193
239 -831
239 -3377
-18 -7090
-146 -9905
-18 -11200
110 -12224
110 -13503
238 -15039
238 -15552
367 -15168
111 -14641
-17 -14400
110 -14016
111 -13617
-17 -12352
111 -10289
-18 -7872
111 -4671
238 -2225
-17 -831
224 833
225 4047
-32 7745
225 10191
-32 11087
-31 12239
-31 13760
97 14528
97 14273
224 13632
96 12864
97 12225
224 11585
224 10816
352 9536
353 7360
97 4559
-32 1600
110 -177
-18 -1472
111 -3648
110 -6848
111 -9791
238 -11199
238 -12224
367 -13375
238 -14783
238 -15537
-17 -15409
-17 -14911
238 -14272
110 -14002
-145 -13362
-146 -12465
-18 -10673
-18 -8128
111 -5184
110 -2495
238 -960
96 577
225 3520
96 7233
225 9664
96 10816
97 11968
96 13377
224 14144
353 14273
481 13760
352 12608
352 12352
352 11840
96 10817
224 9280
609 7104
353 4544
352 1345
238 -960
366 -2240
623 -4160
366 -7615
239 -10815
495 -12352
623 -13119
495 -14655
495 -16191
494 -16832
622 -17087
494 -16831
750 -16575
750 -16320
879 -16192
879 -15424
1135 -13631
1262 -11455
1263 -8255
1262 -5824
1134 -4287
1262 -3007
1518 -192
1377 3265
1761 5312
1889 5825
2017 6848
2401 7872
2657 8384
2401 7873
2529 6593
2785 5313
3041 4032
3424 2881
3552 1345
3822 -703
3823 -3392
4207 -7231
4590 -10944
4974 -14016
5231 -16192
5487 -19007
5870 -23743
6383 -27967
6894 -30656
7276 -32960
7532 -35775
8172 -38592
9069 -40768
9580 -42431
9964 -43455
10732 -44992
11629 -46655
12268 -48063
13036 -49600
13932 -50112
14700 -49856
15468 -49600
16492 -49856
17517 -51264
18540 -52928
19565 -53568
21100 -53184
22381 -54080
23661 -56895
25069 -59711
26604 -62656
28270 -66240
29806 -71104
31598 -76477
33518 -82621
35567 -89150
37231 -95549
39661 -102205
41964 -110013
44013 -118845
46316 -128445
49134 -138941
51694 -148670
54639 -158014
57708 -168382
60781 -181054
63852 -193727
67054 -204991
70895 -216127
74478 -228031
78316 -240319
82412 -252607
86767 -264768
90990 -277184
95343 -289853
100077 -303165
105197 -317246
110191 -330813
115695 -344637
121070 -358333
126700 -371903
132588 -386240
138607 -402751
145391 -419904
151917 -436287
158701 -452414
165999 -470334
173167 -490813
180461 -512061
188910 -533439
197103 -555839
205292 -580287
213998 -606143
223213 -633406
232302 -661181
241645 -689469
251629 -718653
261615 -749632
272237 -782144
282990 -816064
293996 -851133
305133 -886589
316654 -921791
328685 -958527
340975 -997696
353389 -1037885
366319 -1077309
379630 -1116606
393069 -1157440
406895 -1199167
420845 -1241150
435309 -1283645
450031 -1326399
464877 -1369663
480237 -1414718
495726 -1459902
511596 -1505727
527853 -1551680
544367 -1597502
561263 -1643581
578029 -1691199
595180 -1740223
612590 -1790397
630254 -1840318
648301 -1889344
666221 -1940032
684655 -1993278
703598 -2047168
722286 -2101183
741101 -2156094
760172 -2212541
779244 -2269887
798444 -2328256
818030 -2386622
837742 -2445248
857199 -2504255
877038 -2563773
896750 -2624445
916204 -2685888
936044 -2747325
955884 -2808253
975341 -2868288
995181 -2928959
1014508 -2990781
1033964 -3052224
1053294 -3111871
1072111 -3169853
1091311 -3227965
1109998 -3285696
1128300 -3342272
1146220 -3397310
1164397 -3450687
1181934 -3503295
1199086 -3555261
1216239 -3605822
1232748 -3654848
1248367 -3702079
1263854 -3747262
1279084 -3790013
1293550 -3831742
1307758 -3872960
1321069 -3912768
1333870 -3949758
1345900 -3983549
1357551 -4016445
1368300 -4048832
1378414 -4079552
1387885 -4107584
1396335 -4133696
1404014 -4158141
1411053 -4181309
1417198 -4202430
1422191 -4220477
1426669 -4235837
1429997 -4248637
1432556 -4259006
1433710 -4267454
1433967 -4273470
1433455 -4277053
1431791 -4277054
1429359 -4272958
1425775 -4265790
1420908 -4256958
1415021 -4245311
1407981 -4228927
1399791 -4207935
1390572 -4183999
1380079 -4156734
1368429 -4125501
1355758 -4090303
1341932 -4051135
1327086 -4008128
1310830 -3962301
1293548 -3913151
1275116 -3859648
1255534 -3802302
1234798 -3740861
1213166 -3675328
1189998 -3606717
1166061 -3535680
1140845 -3461696
1114733 -3383614
1087854 -3301312
1059439 -3216190
1029997 -3129920
999791 -3040573
968685 -2948160
936556 -2852798
903534 -2755776
869484 -2656702
834669 -2555711
798958 -2451645
762605 -2345024
725102 -2236352
686958 -2125501
648428 -2013375
609004 -1899966
569198 -1784767
528623 -1666879
487148 -1546686
445548 -1424831
403180 -1302976
360303 -1179966
317295 -1054271
274159 -926014
230255 -797501
186351 -667967
142063 -536640
97134 -403901
52463 -269887
7406 -135091
-37649 -49
-82207 134860
-126879 270028
-171168 404814
-215200 538957
-258591 672460
-301728 802127
-344352 929868
-386720 1058125
-428831 1186511
-470303 1314764
-511133 1440718
-551326 1563471
-591133 1684172
-630173 1803215
-668448 1920333
-706591 2034639
-743709 2145997
-779808 2255182
-815520 2362445
-850205 2468047
-884255 2570700
-917406 2670927
-949536 2767949
-980766 2861903
-1010975 2952652
-1040544 3040846
-1068702 3126860
-1096094 3209551
-1122592 3288141
-1147935 3362508
-1172384 3435343
-1195552 3505996
-1217437 3572940
-1238432 3636558
-1258399 3697614
-1277343 3756236
-1295008 3811663
-1311518 3863886
-1327005 3912910
-1341087 3958220
-1354400 4000588
-1366429 4040398
-1377439 4078030
-1387165 4112847
-1396000 4143695
-1403677 4170700
-1410205 4193996
-1415328 4214860
-1419678 4233805
-1423133 4249036
-1425053 4259789
-1426208 4266317
-1426463 4270540
-1425568 4271693
-1423904 4269133
-1421343 4262860
-1417630 4253260
-1413022 4240974
-1407648 4226126
-1401248 4208462
-1393822 4187727
-1385758 4163919
-1377055 4137421
-1367581 4107724
-1357472 4076364
-1346462 4043598
-1334687 4008910
-1322654 3970637
-1309470 3929933
-1295903 3888845
-1282078 3847247
-1267488 3803726
-1252256 3758669
-1236765 3712461
-1220894 3665231
-1204255 3617743
-1187360 3569229
-1170462 3519308
-1152926 3468366
-1135007 3416783
-1116959 3364813
-1098526 3312719
-1079837 3261135
-1061149 3208653
-1041951 3154892
-1023135 3099854
-1003935 3045071
-984606 2991436
-965022 2937166
-945566 2880846
-926111 2823884
-906656 2767180
-886944 2710351
-867359 2652621
-847901 2594252
-828317 2535375
-808990 2476366
-789918 2417741
-770592 2359374
-751776 2301263
-732960 2242636
-714144 2183756
-695712 2124622
-677277 2066382
-659357 2010061
-641310 1954380
-623517 1897934
-606112 1841485
-588831 1787084
-571808 1734478
-555165 1682895
-538397 1631692
-522143 1581261
-506144 1532750
-490653 1485775
-474909 1439694
-459935 1394380
-445342 1349708
-430749 1306063
-416288 1262927
-402461 1223628
-389024 1186125
-375581 1149132
-362654 1111886
-350112 1074766
-337822 1038924
-325536 1005900
-313501 973516
-302239 940238
-291230 907343
-280095 875471
-269341 844492
-259231 813773
-249373 783053
-239648 752460
-230304 722767
-221213 694478
-212383 666831
-203806 639565
-195359 612300
-187549 585421
-179741 558540
-172192 533069
-164638 509007
-157728 485966
-150943 462542
-144286 438863
-138016 416847
-131872 397133
-126238 378188
-120480 359244
-114848 341324
-109725 324812
-104350 310092
-99741 295631
-95263 281550
-90784 268110
-86173 255439
-82206 244046
-78237 233934
-74400 225102
-70815 217038
-67487 208332
-63903 199373
-60958 191309
-57886 185420
-54942 180044
-51869 173260
-49309 165836
-47007 159180
-44448 152909
-42016 146253
-39967 139213
-37920 131917
-35870 125004
-33949 118479
-32030 112207
-30237 105934
-28573 99023
-27167 92111
-25631 84431
-24096 77135
-22815 71375
-21535 65999
-20254 59471
-18973 52686
-18078 46927
-17182 42574
-16029 38607
-15134 33870
-14239 29903
-13344 27215
-12831 25550
-11936 23630
-11168 21839
-10528 20046
-10143 18638
-9376 18255
-8991 18382
-8351 19406
-7584 20815
-7199 21454
-6816 21582
-6560 22095
-6432 24398
-5791 26830
-5023 27599
-4640 27470
-4512 27726
-4256 28495
-4127 28366
-3743 27342
-3488 25678
-3232 23886
-2975 22735
-2847 21711
-2847 20175
-2592 17743
-2592 14671
-2336 11854
-1951 8655
-1824 6222
-1952 4687
-1823 1743
-1810 -2482
-1425 -5425
-1298 -6578
-1426 -8113
-1042 -9650
-913 -11314
-1169 -12081
-786 -11954
-657 -11314
-657 -11057
-785 -11057
-785 -10546
-913 -9265
-529 -7473
-530 -5041
-529 -2098
-415 462
-416 1871
-544 3406
-416 6478
-415 10190
-416 12111
-288 12878
-416 13903
-288 15438
-159 16079
-288 15951
-288 15168
96 14158
-160 13646
-159 13006
-415 11983
-288 10319
-31 7887
-287 4815
-288 2126
-159 463
-18 -959
239 -3136
111 -6705
-17 -9792
111 -10801
-17 -12096
111 -13361
-18 -14513
-17 -14642
-145 -14386
-145 -13873
-18 -13504
110 -13489
-18 -12480
110 -11442
-145 -9521
-274 -6833
-274 -3762
-145 -1330
-160 64
97 1985
224 5184
96 8783
-32 10831
-31 11982
-159 13262
-159 14799
-288 15439
-288 15438
-160 14400
96 13391
-31 13006
-160 12366
-160 11599
-32 10063
-32 7745
224 4943
-32 1871
-543 207
-18 -959
238 -3519
239 -7232
111 -10048
110 -11185
-17 -12081
-18 -13490
-145 -14897
-17 -15409
-17 -15153
-17 -14400
111 -13873
-18 -13745
-18 -13248
110 -12224
110 -10176
110 -7616
111 -4159
238 -1727
238 -447
225 1217
224 4416
96 8270
-160 10319
-31 11471
-32 12879
-31 14272
97 15055
-31 14784
96 14158
-159 13262
-160 12623
-32 12110
-159 11456
96 9793
224 7503
-31 4288
96 1600
111 -49
-18 -1472
110 -3519
238 -7104
366 -10176
110 -11441
-17 -12352
111 -13632
111 -14911
238 -15552
110 -15040
111 -14399
239 -13873
-17 -13632
110 -13248
110 -12224
111 -10304
110 -7616
110 -4544
111 -2368
110 -945
-32 1102
-159 4559
-31 8143
-31 10191
-32 11073
225 12480
97 14017
225 14785
224 14657
224 13903
-31 13007
-31 12495
-32 12097
224 11329
224 9793
224 7745
225 5056
96 2126
-145 -50
-145 -1329
-17 -3377
-18 -6833
-17 -9792
110 -11200
111 -12096
111 -13361
-17 -14898
-146 -15282
-146 -15282
-145 -14386
-146 -14001
-18 -14001
-17 -13361
-18 -12209
-17 -10033
-18 -7615
239 -4672
110 -2225
-18 -704
96 1089
224 4417
225 7873
224 10048
96 11328
96 12353
225 14016
97 15040
96 14926
-159 14287
-288 13135
-287 12750
-160 12096
96 11072
97 9920
96 7759
-32 4942
-160 2127
-288 64
110 -1216
111 -3121
-17 -6194
-145 -9521
-17 -11058
-145 -12081
-17 -13361
-18 -14769
-18 -15281
-18 -15025
-274 -14514
-146 -14257
-18 -14001
-17 -13376
111 -12352
110 -10432
110 -7872
111 -4913
-18 -2481
-18 -704
97 960
353 3776
96 7759
-32 10319
-32 11072
96 12111
-31 13774
-159 14799
-31 14799
-31 14287
-31 13518
-159 12751
-32 12111
-31 11456
96 10063
-32 8015
-32 5455
-31 2511
-32 334
-145 -1088
110 -3264
110 -6591
238 -9664
110 -11185
-17 -12095
239 -13376
367 -14912
110 -15537
-18 -15281
-17 -14641
-18 -14001
-18 -13760
110 -13504
110 -12480
366 -10432
110 -8127
239 -5169
-18 -2481
-273 -817
-32 833
224 3904
96 7745
225 10177
224 11072
96 12096
97 13760
97 14529
225 14799
-32 14400
97 13504
96 12622
-160 12366
-160 11584
96 10304
96 8014
-159 5326
-159 2497
225 193
238 -1201
-17 -3122
-146 -6321
-273 -9521
-17 -11328
111 -12081
-18 -13248
110 -14784
111 -15409
-17 -15168
110 -14769
-17 -14400
111 -13887
238 -13503
239 -12608
111 -11057
-18 -8625
-18 -5312
111 -2624
111 -1088
97 463
-31 3264
96 6976
96 9806
-159 10703
-288 12111
-32 13632
97 14784
97 14799
-32 14159
-32 13391
-31 12737
224 12367
-32 11599
-31 10176
96 8512
96 5696
96 2624
96 321
239 -831
239 -2880
366 -6336
111 -9777
-17 -11071
239 -12351
239 -13632
366 -14784
111 -15666
-146 -15281
-18 -14769
-18 -14528
110 -14272
111 -13887
239 -12864
367 -11057
-17 -8753
-17 -5681
-17 -2865
-18 -960
96 591
-32 3150
-159 6848
97 9665
225 11200
97 12225
225 13249
225 14528
96 14927
-31 14287
-32 13377
224 12608
96 12366
-159 11470
-160 10063
-32 8256
97 5568
97 2766
-159 719
-273 -832
111 -2624
110 -5824
110 -9152
366 -10944
623 -12095
495 -13361
-17 -14641
-17 -15409
-17 -15153
-17 -14641
-17 -14129
-17 -13632
110 -13504
111 -12607
239 -10816
111 -8512
110 -5553
-18 -2737
-18 -960
352 335
-31 2752
353 6848
352 9793
225 11200
96 11584
96 13135
-32 14656
97 15041
225 14273
225 13249
224 12608
353 12224
352 11585
224 10560
96 8769
225 5825
224 2881
224 577
238 -704
110 -2239
239 -5681
-17 -9009
-17 -11072
110 -12224
111 -13376
110 -14784
111 -15424
110 -15296
110 -14784
111 -14399
239 -13888
110 -13760
110 -12977
-17 -11313
-17 -9009
-18 -6066
-146 -3264
111 -1344
111 -63
224 2625
224 6465
225 9409
225 10688
96 11855
-32 13121
224 14400
97 15040
96 14415
-31 13504
96 12864
353 12224
96 11584
96 10561
225 8384
353 5825
224 2624
96 335
-17 -1088
111 -2610
-145 -5681
-17 -9265
-273 -11057
-274 -11712
110 -12992
110 -14527
239 -15424
366 -15551
238 -15039
238 -14528
110 -14271
238 -14016
366 -13248
366 -11456
367 -9280
111 -6463
239 -3392
111 -1329
-31 192
97 2241
224 5966
-159 9167
-31 10432
96 11599
-31 13248
96 14656
97 14799
-288 14144
97 13263
-31 12495
-32 12367
-32 11599
-31 10433
225 8641
224 6223
-32 3151
-32 847
-273 -562
-145 -2353
-18 -5568
110 -8881
-17 -10815
238 -11712
110 -13489
-18 -14784
111 -15424
110 -15551
238 -14784
111 -14143
239 -13888
110 -13760
111 -13120
367 -11328
110 -9137
-18 -6336
110 -3520
111 -1585
-17 -49
-32 2383
-32 5953
224 9280
352 10831
-32 11855
-32 13135
-31 14528
97 14784
96 14401
225 13761
225 12992
352 12352
353 11457
225 10433
224 8768
96 6209
224 3137
225 704
367 -576
110 -2240
110 -5041
-18 -8625
-17 -11072
366 -11967
239 -13120
111 -14399
239 -15424
111 -15424
111 -14656
111 -14400
111 -14385
-17 -13888
110 -12991
239 -11584
110 -9664
111 -6719
238 -3520
111 -1344
367 -63
224 2127
-31 5824
96 9295
-31 10703
-32 11328
97 12993
225 14543
-32 14912
96 14401
225 13505
225 12993
224 12622
-160 12111
-288 11087
-32 9281
225 6592
96 3407
-32 847
-17 -832
110 -2225
-18 -4800
111 -8241
-17 -10560
110 -11968
110 -12977
-17 -14129
-18 -15296
110 -15537
-18 -15281
-17 -14641
-18 -14272
111 -13874
-146 -13248
110 -11711
238 -9393
-18 -6591
239 -3648
367 -1343
239 -64
353 1984
96 5697
224 9024
352 10817
225 11968
96 13135
-32 14415
-31 15055
-31 14799
-31 13761
225 12737
224 12352
96 11840
96 10560
96 8768
97 6351
-31 3535
-31 975
-18 -704
110 -1984
110 -4785
-17 -8498
-146 -10943
239 -11840
110 -12735
238 -14271
238 -15296
111 -15424
110 -14784
366 -14272
111 -14129
-17 -14143
239 -13376
111 -11840
110 -9664
111 -6719
239 -3392
111 -1600
110 -177
-31 1743
-31 5312
96 8769
224 10561
224 11328
96 12608
97 14272
97 15041
225 14529
224 13632
97 12737
224 12608
352 11855
-32 10816
97 9152
97 6607
-32 3919
-32 1344
366 -434
-146 -1970
-146 -4785
-17 -8512
111 -10816
110 -11697
-17 -12864
111 -14400
110 -15551
239 -15680
110 -15040
111 -14656
111 -14400
110 -14016
111 -13361
-17 -12095
239 -10048
110 -7360
110 -4032
111 -1599
238 -447
224 1601
224 5455
-32 8768
353 10432
97 11457
225 13007
-31 14286
-160 14913
224 14400
96 13632
96 12865
225 12495
-32 11855
-31 10959
-31 9152
96 6976
96 4175
-31 1487
-17 -305
-18 -1713
-17 -4401
-17 -7729
-18 -10432
110 -11712
111 -12864
111 -14143
238 -15296
366 -15552
110 -15281
-18 -14528
111 -14144
111 -13888
110 -13233
-17 -11840
366 -9920
111 -7232
111 -4160
110 -2225
-18 -689
-31 1472
96 4687
-32 8257
224 10319
-31 11215
-288 12622
-159 14031
-31 14798
-160 14656
96 13888
96 13121
225 12480
97 12239
-32 11086
-159 9679
-31 7119
-32 4175
-31 1473
239 -320
111 -1856
110 -4274
-146 -7601
-17 -10545
-17 -11570
-145 -12608
111 -14129
-18 -15025
-18 -15296
111 -15153
-18 -14528
111 -14143
238 -14016
110 -13233
-18 -12209
-18 -10176
111 -7232
110 -4274
-146 -1713
-18 -177
-32 1103
-31 4303
-31 8143
-32 10304
96 11343
-31 12481
225 14017
480 14657
225 14543
-31 13760
97 12993
225 12481
224 11840
96 10831
-32 9024
97 7104
96 4175
-31 1216
110 -191
239 -1600
367 -4160
110 -7602
-146 -10432
111 -11569
-18 -12465
-18 -13762
