-31 9935
-32 11599
-32 13647
-32 14415
-32 13888
97 12992
96 12366
-159 11726
-160 11343
-32 10575
-32 9038
-159 7119
-32 4416
97 1728
97 192
110 -1471
239 -3648
110 -6848
110 -9137
-17 -10304
110 -11441
-18 -12721
-18 -14258
-145 -14642
-146 -14001
-274 -13504
110 -13248
111 -13120
111 -12337
-18 -11185
-18 -9393
-17 -6720
111 -3889
-18 -1969
-17 -561
-287 975
-32 4160
97 7872
96 9537
225 10447
-32 11598
-160 13120
96 13633
224 13376
96 12609
224 11840
96 11584
97 10959
-31 9920
96 8769
224 6720
97 4033
225 1728
97 207
-17 -1088
110 -3505
-17 -6720
110 -8896
111 -10033
-18 -10944
111 -12337
-18 -13489
-18 -14001
-274 -13745
-18 -13248
110 -12992
111 -12863
238 -12479
239 -11327
239 -9777
-17 -7231
238 -4544
110 -2482
-146 -1216
96 591
-32 3919
-32 7247
-32 8782
-160 9806
-160 11086
-160 12623
-32 13647
-32 13390
-160 12879
-32 12352
96 11841
225 11201
225 10688
97 9166
-159 7118
-159 4544
96 2112
97 463
-17 -818
-145 -3136
111 -6464
110 -9152
111 -10289
-18 -11200
111 -12593
-18 -13760
111 -14400
110 -14271
238 -13760
111 -13376
111 -13376
111 -12849
-17 -11328
110 -9649
-18 -7345
-17 -4401
-17 -1856
110 -177
-32 1359
-31 4303
-31 7887
-31 9920
96 10561
224 11585
225 13263
-31 14030
-159 13519
-31 12736
96 12111
-31 11713
225 10959
-31 9934
-160 8526
-159 6607
-31 4032
97 1216
110 -689
-18 -1713
-17 -3648
111 -6706
-146 -9152
110 -9905
-17 -10801
-17 -12096
110 -13489
-18 -13489
-18 -13490
-145 -13105
-274 -12977
-18 -12735
238 -12224
111 -11058
-145 -9777
-17 -7488
111 -4416
110 -2240
110 -959
224 576
97 3264
97 6863
-32 9039
-32 10319
-32 11343
-32 12623
-32 13391
-31 13504
97 12736
97 11968
96 11584
353 11201
225 10432
353 9152
97 7375
-31 4814
-160 2127
-32 335
-17 -832
366 -3007
238 -6335
238 -8881
-18 -9905
-18 -11199
238 -12479
238 -13504
110 -14016
110 -14016
110 -13760
110 -13503
239 -13375
238 -12736
367 -11839
238 -10432
110 -7872
111 -4928
110 -2481
-17 -1344
96 320
96 3648
96 7247
-32 9295
-31 9920
97 11215
-32 12864
96 13903
-31 13760
97 13249
225 12737
224 12352
96 11599
-31 10703
-31 9167
-32 7503
-288 4943
-31 2255
-31 462
-146 -959
239 -3135
239 -6208
111 -9024
111 -10047
239 -10801
-17 -12338
-146 -13490
-146 -14002
-145 -13618
-146 -13233
-274 -12978
-145 -13120
111 -12352
367 -11328
111 -9792
111 -7729
-17 -4657
-18 -2226
-146 -945
-31 463
-32 3137
224 6735
-32 8768
97 9408
97 10447
-32 11855
-31 12736
97 12225
224 11328
97 10958
-159 10702
-160 10319
-31 9664
96 8769
224 7232
96 4928
96 2383
-31 705
239 -320
367 -2112
110 -5056
110 -7616
111 -9023
239 -10304
110 -11697
-18 -13489
-18 -14272
111 -14385
-18 -14016
111 -13888
111 -14143
239 -13632
367 -12351
238 -10688
111 -8511
239 -5425
-18 -3007
238 -959
224 832
352 3905
225 7616
97 9920
96 11087
-32 12110
-159 13262
-160 13888
97 13761
225 12992
97 12224
96 11343
-31 10703
-31 9679
-31 8128
352 6464
97 3791
-31 960
111 -832
111 -1841
-17 -3633
-274 -6848
110 -9664
110 -10688
111 -11328
111 -12352
110 -13504
111 -13874
-146 -13489
-18 -12992
111 -12608
110 -12736
110 -11967
239 -11071
239 -10047
238 -8127
239 -5696
110 -3519
239 -2111
239 -576
97 1999
-31 5583
-31 7872
97 8896
96 10063
-31 11457
224 12608
353 12992
352 12352
97 11968
97 11726
-160 11584
96 11072
352 9792
96 8000
96 5696
97 3023
-31 961
239 -319
238 -2240
111 -5184
110 -8369
-18 -10161
-17 -11072
110 -12480
110 -14015
238 -14513
-18 -14527
239 -13873
-17 -13618
-145 -13617
-18 -13248
110 -11968
111 -10545
-17 -8241
-18 -5312
111 -2865
-17 -1329
-31 207
-31 3009
224 6721
225 9423
-32 10560
97 11471
-31 12750
-160 13903
-31 14030
-159 13248
97 12225
224 11599
-32 11086
-160 10319
-32 9024
97 7105
225 4815
-31 2255
-31 192
111 -1088
111 -2609
-17 -5696
110 -8640
111 -10289
-18 -10929
-17 -12081
-18 -13489
-17 -14386
-145 -13888
110 -13248
110 -12992
111 -12864
367 -12352
367 -11584
111 -10033
-18 -7857
-18 -5056
111 -2624
110 -1216
110 -192
353 2497
224 5697
224 8256
97 9664
96 10831
-32 12097
224 13121
225 13007
-32 12623
-31 12225
224 11585
225 11200
97 10702
-159 9678
-159 8143
-287 5839
-31 3008
352 1089
238 -448
111 -1856
110 -4800
111 -8256
111 -10048
367 -10815
494 -11967
238 -13504
111 -14385
-17 -14386
-145 -14144
110 -13745
-17 -13631
239 -13120
367 -12337
-17 -10802
-145 -8753
-18 -6079
238 -3263
238 -1457
-31 192
97 2753
224 6208
97 8897
224 10048
96 10831
-32 12353
225 13505
224 13888
96 13120
97 12224
97 11712
96 11343
-31 10688
96 9280
96 7503
-31 5057
224 2112
111 -64
110 -1472
111 -2880
111 -5425
-18 -8626
-145 -10304
111 -11072
111 -12337
-17 -13631
238 -14272
111 -13873
-18 -13248
366 -12991
238 -12992
110 -12736
110 -11968
110 -10417
-18 -8384
111 -5952
111 -3392
110 -1216
110 -192
96 1856
97 5568
97 8143
-32 9280
97 10176
97 11713
225 12992
97 13248
97 12751
-31 12239
-31 11968
96 11584
96 10816
96 9792
97 8385
224 5952
97 3279
-31 1216
110 -192
110 -1713
-18 -4800
110 -7872
110 -10161
-18 -11200
110 -12479
239 -13887
238 -14783
239 -14656
367 -14143
239 -13887
238 -13745
-18 -13504
111 -12594
-145 -11058
-146 -8881
-17 -6207
239 -3391
239 -1586
-145 -306
-160 2127
-32 5711
-32 8512
96 10048
96 11329
225 12736
97 14031
-31 14286
-160 13647
-31 12495
-32 11855
-31 11456
96 10816
97 9679
-31 7886
-159 5824
96 2880
96 576
110 -703
239 -2112
110 -5041
-17 -8498
-145 -10289
-17 -10802
-146 -11953
-17 -13376
111 -14144
111 -13888
366 -13503
238 -13248
111 -13119
238 -12480
367 -11840
367 -10304
367 -8511
238 -5810
-146 -2993
-17 -1329
-18 -448
96 1600
96 5199
-32 8015
-288 9280
96 10304
97 11727
-32 13120
96 13632
96 13135
-31 12495
-31 11713
225 11201
224 10831
-31 9920
96 8527
-31 6336
96 3648
97 1216
96 78
-146 -1202
-146 -3761
-17 -7232
110 -9393
-17 -10802
-146 -11953
-17 -13361
-18 -14258
-146 -14513
-18 -14272
110 -13760
110 -13760
111 -13376
110 -12722
-146 -11185
-17 -9279
238 -6592
366 -4031
238 -1969
-17 -562
-160 1871
-32 5440
97 8640
97 10176
97 11201
225 12737
225 14016
97 14272
97 13519
-31 12495
-32 11584
97 11200
97 10703
-32 9793
224 8527
-31 6336
96 3393
225 961
239 -562
-146 -1713
-18 -4543
239 -7986
-146 -9905
-17 -10801
-18 -11953
-273 -13362
-146 -14513
-18 -14271
238 -13760
110 -13489
-18 -13233
-17 -13105
-18 -12480
110 -10943
239 -9023
238 -6577
-18 -3761
-17 -1585
-18 -704
97 1216
96 4943
-32 8015
-32 9295
-31 10177
225 11457
224 13120
97 14031
-32 13647
-31 13007
-32 12352
96 12097
225 11713
225 10433
224 9025
224 6720
96 3904
96 1856
97 206
-145 -1088
111 -3633
-17 -7217
-17 -9521
-18 -10417
-17 -11570
-145 -13361
-273 -14399
238 -14784
111 -14129
-18 -13760
110 -14001
-18 -13490
-146 -12465
-17 -11584
111 -9535
239 -6961
-18 -4032
111 -1856
110 -177
-31 1998
-159 5056
96 8256
96 9792
97 10688
97 11983
-32 13376
97 14017
224 13632
96 12879
-31 11983
-31 11968
96 11598
-159 10432
96 8768
353 6863
-31 3790
-160 1615
-17 -64
110 -1202
-145 -3904
111 -7217
-17 -9778
-145 -10816
110 -11711
238 -12977
-17 -14129
-18 -14513
-17 -14143
239 -13632
110 -13503
238 -13248
110 -12480
110 -11185
-18 -9650
-145 -6962
-145 -3904
111 -1855
238 -448
97 1473
225 4544
97 7872
97 9408
97 10689
225 11712
96 12608
97 13519
-32 13121
225 12481
225 11968
353 11712
353 11200
96 10575
-31 8910
-159 6848
97 4047
-31 1487
-32 64
111 -1344
111 -3889
-17 -7231
238 -9407
239 -10545
-17 -11825
-17 -13376
111 -14656
366 -15025
-18 -14528
110 -14272
366 -14271
239 -14143
238 -13503
238 -12224
366 -10432
111 -7743
495 -4928
366 -2752
366 -1216
353 704
353 3776
608 6976
608 8768
352 9536
352 10816
609 11968
865 12736
865 12225
993 11200
864 10560
865 9921
992 9024
1121 7872
1121 6080
1120 3649
1248 832
1391 -2112
1390 -4032
1647 -5695
1774 -8383
2031 -12095
2031 -14911
2286 -16575
2543 -17984
2671 -19775
2542 -21439
2798 -22207
3054 -22463
3310 -22720
3439 -23104
3695 -23615
4079 -23616
4207 -23359
4334 -22463
4846 -20927
5614 -19136
5998 -17856
6255 -17728
6510 -17343
6895 -15423
7406 -13248
7790 -12479
8175 -13119
8686 -13504
9327 -13376
10094 -14527
10735 -16447
11503 -19264
12142 -22208
12910 -24768
13678 -27840
14702 -31423
15340 -35520
16237 -40256
17517 -45631
18925 -51519
19948 -56512
21100 -61376
22127 -67135
23534 -74431
25071 -81216
26479 -86592
28014 -92095
29935 -98112
31597 -104509
33517 -109886
35437 -115262
37485 -120638
39532 -126654
41583 -133182
43887 -139837
46575 -145725
49135 -151102
51822 -156605
54510 -161981
57580 -168125
60652 -175549
63725 -183360
67181 -190015
70638 -196800
74350 -205503
78319 -215359
82159 -225599
86253 -236095
90861 -247872
95085 -260926
100207 -275518
105071 -290366
109932 -305597
115437 -321342
120942 -338365
126703 -356928
132716 -375999
138991 -396607
145391 -417855
152044 -438975
158703 -460349
165615 -483134
172909 -508221
180718 -533181
188909 -557376
196972 -581824
205167 -608063
213996 -634815
222959 -661053
232174 -687806
241773 -715325
251375 -743742
261741 -773183
272111 -803136
282732 -833216
293999 -863805
305389 -894782
317039 -925759
328941 -958015
340974 -992448
353388 -1027517
366319 -1061949
379373 -1097277
392942 -1134783
406765 -1174080
420973 -1214269
435439 -1255229
449772 -1297599
464623 -1342016
480110 -1387710
495725 -1434174
511596 -1481407
527598 -1529280
544110 -1578685
560876 -1629118
577644 -1681087
595183 -1734464
612463 -1788733
629999 -1842749
647916 -1896895
666092 -1952704
684653 -2010430
703340 -2068159
722159 -2124863
740847 -2181950
760174 -2239678
779374 -2298047
798701 -2356031
818157 -2413373
837612 -2471104
857196 -2529216
876910 -2587581
896750 -2645437
916462 -2703039
936175 -2760254
955756 -2816957
975340 -2873024
994925 -2929215
1014508 -2985918
1034095 -3042367
1053166 -3097536
1072238 -3151294
1091181 -3206206
1109868 -3261376
1128300 -3315648
1146222 -3369149
1164271 -3422015
1181934 -3475392
1199213 -3527997
1215981 -3579965
1232366 -3630016
1248367 -3679040
1264236 -3727293
1279212 -3774653
1293550 -3820734
1307501 -3866175
1320940 -3910335
1333742 -3952062
1345901 -3990845
1357295 -4028734
1368174 -4065728
1378156 -4100287
1387758 -4131264
1396335 -4159552
1404013 -4185918
1410927 -4209726
1417068 -4230333
1422317 -4247614
1426543 -4261949
1429998 -4273853
1432303 -4283198
1433711 -4289086
1434222 -4291262
1433455 -4290366
1431919 -4285757
1429230 -4277182
1425519 -4265534
1420909 -4251965
1414893 -4235328
1407855 -4214079
1399532 -4188863
1390318 -4161472
1380206 -4131774
1368429 -4098621
1355756 -4061888
1342063 -4022080
1326956 -3979709
1310702 -3934909
1293550 -3887039
1275116 -3835071
1255661 -3779645
1234668 -3721406
1212781 -3660095
1190125 -3596094
1166189 -3529535
1140973 -3459648
1114989 -3385917
1087727 -3308351
1059310 -3228094
1030254 -3146176
999788 -3060926
968558 -2971328
936301 -2878525
903407 -2783296
869484 -2685117
834543 -2583872
799084 -2478781
762350 -2371008
725101 -2261311
687084 -2149309
648430 -2034879
609006 -1917629
568814 -1797567
528365 -1675328
487277 -1550910
445292 -1424831
403180 -1297854
360557 -1169982
317293 -1039680
273772 -906942
230253 -774205
186349 -642368
141676 -509375
97260 -374973
52460 -240320
7532 -106164
-37280 27726
-82080 161613
-126494 295244
-170910 427854
-214941 559308
-258461 688332
-301727 812750
-344480 936525
-386847 1060812
-428704 1184591
-470045 1307852
-511133 1428942
-551325 1546959
-591135 1663692
-630431 1779918
-668829 1894861
-706589 2007502
-743583 2118093
-780062 2227278
-815518 2335053
-850463 2441423
-884254 2544975
-917536 2646095
-949789 2745805
-981024 2843470
-1011358 2938700
-1040544 3031631
-1069086 3122252
-1096605 3208911
-1122591 3291853
-1147936 3371596
-1172125 3449294
-1195422 3524684
-1217438 3595597
-1238813 3661775
-1258526 3724878
-1277342 3784781
-1295133 3841231
-1311519 3893199
-1327136 3940686
-1341342 3984461
-1354271 4025805
-1366303 4063438
-1377437 4097230
-1387165 4127438
-1395871 4154062
-1403550 4176461
-1410080 4195404
-1415328 4212044
-1419680 4226381
-1422877 4237005
-1425182 4243021
-1426461 4246476
-1426589 4248269
-1425694 4247373
-1423902 4243020
-1420958 4235852
-1417632 4226636
-1413279 4214990
-1407648 4201038
-1401246 4184399
-1394206 4164687
-1386015 4142798
-1377182 4118861
-1367583 4093389
-1357343 4066252
-1346461 4037838
-1334687 4007374
-1322398 3973709
-1309471 3937740
-1296029 3901645
-1282078 3864911
-1267487 3825359
-1252382 3782988
-1236895 3739084
-1220767 3694031
-1204254 3647823
-1187358 3598668
-1170335 3547853
-1153056 3496015
-1134877 3443662
-1116574 3390028
-1098397 3335119
-1079839 3278798
-1061024 3221325
-1042207 3162828
-1023135 3103438
-1003935 3044303
-984605 2985165
-964894 2925647
-945438 2864463
-926238 2803277
-906526 2743117
-886814 2683727
-867104 2624077
-847903 2564557
-828703 2505423
-809248 2447439
-789792 2390348
-770718 2333263
-751902 2276431
-732957 2220237
-714271 2165196
-695712 2111310
-677280 2057807
-658974 2005836
-641181 1954509
-623648 1902670
-605856 1850957
-588832 1801036
-571806 1752910
-554912 1705038
-538271 1656013
-522270 1607757
-506141 1560783
-490528 1514319
-475167 1467855
-460061 1421261
-445213 1375437
-430623 1330894
-416413 1286351
-402717 1242572
-389023 1201357
-375582 1160269
-362528 1118798
-349855 1077710
-337565 1038285
-325407 1000141
-313630 962893
-302112 925262
-290973 888015
-280096 853327
-269597 820172
-259231 787404
-249245 755405
-239647 724429
-229917 695758
-221088 668239
-212253 640975
-203807 614860
-195485 589516
-187294 565580
-179616 543053
-172062 522061
-164638 502607
-157728 484175
-151072 465231
-144670 446286
-138141 429518
-131999 414412
-125856 399437
-120349 383436
-114845 367565
-109600 353357
-104735 339149
-99869 324303
-95006 309583
-90653 295119
-86303 281551
-82207 268238
-78238 255311
-74270 242255
-70686 229455
-67360 216140
-63904 202829
-60701 190669
-57629 179661
-54813 168909
-52255 157389
-49696 145741
-46880 136013
-44573 127693
-42270 118861
-39965 110540
-37790 103244
-35744 97357
-33824 92239
-32032 87119
-30495 81871
-28703 77007
-27168 73038
-25759 70094
-24223 67790
-22944 66383
-21789 65230
-20382 63311
-18973 61390
-17821 60111
-16925 60111
-16157 59855
-15133 58062
-14238 55886
-13469 54734
-12701 53710
-11934 51791
-11038 48718
-10653 45774
-9885 43470
-9374 41039
-8733 38862
-8349 36303
-7965 32974
-7584 29263
-6688 24910
-6303 21455
-5919 19151
-5663 16335
-5408 12367
-4896 8271
-4639 5070
-4255 3023
-4128 1102
-3985 -1329
-3602 -2737
-3601 -3121
-3345 -3633
-3089 -4146
-2962 -4785
-2577 -4914
-2449 -4913
-2321 -4146
-2193 -2353
-1823 207
-1823 2510
-1695 4046
-1439 4814
-1439 6863
-1567 10447
-1568 13390
-1184 14671
-1055 15566
-1183 16847
-1055 17871
-1056 17742
-927 17358
-672 16463
-799 15822
-671 15311
-799 14286
-928 12878
-671 10959
-544 8527
-543 5326
-415 2767
-544 1359
-530 -433
-274 -3505
-274 -7089
-274 -9138
-402 -10162
-146 -11442
-145 -13105
-273 -13874
-402 -13746
-401 -13106
-401 -12850
-145 -12593
-273 -12337
-273 -11314
-402 -9905
-274 -7857
-18 -5042
-146 -2481
-274 -689
-288 847
-288 3150
-159 6350
-159 9167
-31 10447
-31 11470
-159 12750
-160 14158
-160 14671
-32 13903
-31 13262
-159 13006
-159 12495
-31 11983
-32 10831
-288 9039
-32 6720
97 4046
-160 1614
-159 448
111 -1073
-18 -4017
-18 -7346
-146 -9394
-146 -10417
-18 -11441
-18 -12992
111 -13888
111 -14129
-273 -13618
-146 -13248
110 -13489
-18 -12977
-18 -12480
110 -10929
-17 -9010
-145 -6208
110 -3249
-273 -1329
-288 64
97 2240
96 5710
-160 9039
-288 10831
-32 11598
-159 12751
-31 14016
97 14272
96 13889
225 13249
225 12736
96 12352
97 11471
-31 10446
-159 8910
-159 6607
-288 3918
-159 1231
-17 -320
110 -1728
111 -4402
-146 -7602
-145 -9777
-17 -10801
-18 -11712
111 -12864
110 -14001
-17 -14144
110 -13746
-146 -13489
-17 -13361
-18 -13233
-17 -12593
-18 -11185
-17 -9521
-18 -6833
-17 -4145
-17 -2368
111 -818
-159 1743
-31 5312
97 8911
-31 10432
96 11599
-32 12878
-160 14159
-287 14799
-32 14401
225 13248
97 12737
224 12097
225 11471
-32 10560
96 8783
-32 6735
-31 3790
-160 1103
-17 -561
-17 -1841
-273 -4145
-17 -7473
-17 -9792
110 -10688
110 -11712
110 -12977
-17 -14144
110 -14527
239 -13632
110 -12977
-18 -13489
-273 -13361
-18 -12480
110 -10930
-146 -9137
-17 -6706
-145 -3634
-145 -1856
110 -689
-31 1231
-31 4800
96 8270
-159 9679
-288 10575
-32 12096
97 13519
-31 14287
-32 14144
96 13632
96 13135
-32 12864
97 11983
-32 10816
96 9792
97 7617
224 4673
224 2127
-32 320
110 -1202
-146 -3762
-145 -7217
-18 -9905
-17 -11314
-146 -12209
-17 -13617
-18 -15040
110 -15281
-17 -14912
110 -14513
-18 -14258
-145 -14129
-18 -13489
-18 -11953
-18 -10176
111 -7488
110 -4273
-18 -1714
-160 79
-32 1856
96 5198
-159 8911
-31 10703
-31 11712
97 13006
-159 14528
96 15168
96 14415
-31 13505
224 12623
-32 12096
96 11584
96 10575
-287 8911
-32 6464
97 3535
-31 975
-18 -447
239 -1599
238 -4287
238 -7601
-18 -10176
111 -11327
238 -12480
111 -13632
110 -14784
110 -14784
111 -14143
238 -13504
366 -13504
110 -13233
-18 -12465
-18 -11185
-18 -9664
111 -6976
111 -3889
-18 -2226
-146 -960
97 974
-159 4559
-31 8143
-31 9920
97 10945
224 12096
97 13248
96 13888
96 13646
-159 12992
96 12609
225 12481
225 12224
96 11072
96 9537
225 7360
96 4416
96 1857
224 64
110 -1216
110 -4018
-145 -7729
-17 -10048
111 -11328
110 -12479
239 -14143
238 -15552
111 -15665
-17 -15153
-17 -14400
111 -14144
110 -14016
110 -13248
110 -11697
-18 -9650
-146 -7089
-18 -4017
-17 -1585
-17 -50
-159 1743
-32 5199
-31 8655
-32 10304
96 11342
-160 12608
97 14030
-160 14670
-159 14287
-288 13633
224 12865
224 12352
96 11585
480 10561
225 9152
97 7104
97 4544
96 1600
110 -192
111 -1329
-17 -3634
-145 -6961
-18 -9663
239 -10816
110 -11712
110 -12977
-17 -14144
111 -14655
239 -14400
111 -13888
111 -13887
239 -13618
-146 -12977
-17 -11840
111 -10033
-17 -7217
-18 -4529
-274 -2482
-146 -960
96 846
-160 4160
97 7630
-159 9408
97 10432
97 11471
-32 13120
97 14017
225 14031
-32 13391
-31 12737
225 12224
96 11841
224 11087
-32 9550
-416 7502
-416 4672
96 1856
97 193
239 -1329
-17 -3377
-18 -6833
-18 -9663
239 -10816
110 -12210
-146 -13489
-273 -14898
-402 -15538
-146 -15026
-145 -14642
-145 -14400
110 -14271
238 -13759
239 -12608
111 -10545
-17 -7985
-18 -5041
-18 -2481
-18 -703
224 1089
224 4175
-31 7887
-32 10048
96 11073
224 12367
-31 13774
-159 14542
-159 14542
-160 13903
-32 12878
-160 12608
97 11968
96 11343
-32 9807
-31 7631
-32 4687
-31 1743
-18 -192
111 -1074
-145 -3377
-273 -6961
-18 -9919
238 -11199
239 -11840
110 -13247
239 -14655
238 -15039
239 -14641
-18 -14016
111 -13631
238 -13504
110 -13233
-18 -11711
238 -9663
238 -7346
-146 -4529
-18 -2225
-18 -689
-31 704
97 3521
225 7104
97 9679
-32 10305
224 11087
-32 12609
225 14031
-32 13903
-31 13248
96 12609
224 12352
96 11841
225 10945
224 9536
96 7759
-32 5184
96 2113
225 448
111 -832
110 -3008
110 -6321
-18 -9393
-17 -10559
238 -11712
110 -12978
-145 -14385
-273 -15153
-18 -15026
-145 -14385
-18 -14271
239 -14400
110 -13760
110 -12480
110 -10673
-18 -8625
-17 -5440
111 -2880
111 -1344
96 577
225 3776
97 7375
-31 9678
-160 10830
-159 11983
-32 13391
-31 14543
-31 14272
97 13519
-32 12864
96 12608
96 12110
-160 11343
-32 9806
-160 7759
-288 4943
-31 2255
-32 320
110 -960
110 -2993
-17 -6449
-17 -9536
110 -10929
-17 -12096
110 -13489
-17 -14641
-18 -15296
110 -14784
110 -14257
-18 -14016
110 -14016
110 -13503
239 -12096
110 -10161
-17 -8000
110 -5041
-18 -2481
-17 -817
-31 448
97 3279
-32 6976
96 9537
224 10575
-31 11456
96 12864
96 14159
-31 14286
-159 13774
-160 12879
-288 12367
-288 12110
-160 11329
224 9793
224 8000
97 5313
225 2497
225 449
239 -832
110 -2737
-17 -5937
-17 -9023
239 -10545
-17 -11584
111 -12864
111 -14129
-17 -15168
110 -14784
110 -14272
110 -13746
-146 -13489
-17 -13105
-18 -12209
-17 -10560
111 -8497
-18 -5312
110 -2482
-146 -1216
97 192
97 3022
-160 6735
-288 9550
-159 10944
96 12096
96 13632
96 14656
353 14784
97 14031
-31 13504
97 12736
97 11983
-32 11328
96 10304
97 8384
96 5711
-31 2752
352 577
239 -817
-17 -2609
-17 -5951
239 -9265
-18 -10674
-145 -11569
-18 -12977
-17 -14642
-146 -15040
111 -15167
238 -14527
238 -14016
110 -14001
-17 -13361
-17 -12352
366 -10432
110 -8384
110 -5553
-18 -3008
110 -1202
-160 320
96 2880
353 6593
224 9280
96 10063
-31 10689
224 12608
353 14017
225 14287
-31 13519
-32 12623
-31 12225
225 11969
225 11200
97 9920
97 8129
225 5568
97 2753
225 718
-145 -818
-146 -2737
-17 -5696
111 -8753
-17 -10546
-146 -11456
111 -12593
-18 -14513
-18 -15281
-17 -15168
111 -14641
-17 -14129
-17 -13632
111 -13376
110 -12480
110 -10944
111 -8768
110 -5824
111 -3392
111 -1599
239 -319
224 2383
-32 6209
225 9153
224 10304
97 11456
96 12879
-31 14030
-160 14414
-160 13632
97 12992
97 12751
-31 12239
-32 11329
224 10048
96 8256
97 6080
96 3137
225 705
238 -703
239 -2609
-18 -5824
111 -9024
111 -10816
110 -11712
110 -12991
238 -14513
-17 -15424
110 -15281
-17 -14897
-17 -14656
111 -14655
239 -14144
111 -12850
-146 -11186
-145 -9009
-18 -6065
-17 -3392
110 -1984
367 -320
97 2497
225 6337
224 9295
-32 10319
-31 11215
-31 12751
-31 14030
-159 14543
-288 13888
96 13120
353 12480
97 11969
224 11329
224 10304
97 8399
-31 6095
-287 3022
-159 719
-18 -448
111 -2368
111 -5681
-18 -8626
-146 -10674
-146 -11712
110 -12991
238 -14271
238 -15025
-17 -14656
111 -14385
-18 -14001
-17 -13888
110 -13489
-274 -12466
-401 -11057
-17 -8753
-17 -5938
-146 -3264
111 -1088
97 207
-31 2510
-159 6081
224 9024
353 10688
96 11840
96 12864
97 14016
97 14287
-32 14159
-32 13120
97 12736
96 12367
-31 11457
225 10432
353 8641
224 6464
96 3663
-32 1103
-17 -561
-17 -2097
-17 -5184
111 -8512
110 -10417
-18 -11441
-17 -12608
110 -14272
110 -15295
238 -15039
239 -14400
111 -14399
238 -14271
238 -13760
110 -12465
-17 -10816
111 -9023
239 -6208
110 -3505
-17 -1585
-17 -320
96 2112
352 5952
97 9152
97 10191
-32 11072
97 12736
96 14159
-31 14287
-31 14016
96 13120
97 12480
96 12096
96 11599
-31 10446
-159 8399
-288 6222
-160 3406
-159 974
-146 -433
-17 -2112
367 -4928
111 -8498
-145 -10560
110 -11441
-17 -12337
-18 -14015
239 -15168
110 -15040
110 -14514
-145 -14400
111 -14129
-18 -13745
-17 -12864
110 -11441
-18 -9407
238 -6335
238 -3520
367 -1087
224 335
-32 2368
97 6094
-160 9295
-31 10658
