-32 13647
-32 13902
-160 13647
-32 12878
-160 12110
-159 11471
-32 10574
-160 9551
-31 7887
-32 5454
-160 2639
-287 462
-146 -689
-17 -2367
239 -5184
111 -8512
367 -10047
238 -10943
238 -11968
110 -13248
111 -14144
111 -14385
-18 -14016
110 -13504
110 -13233
-17 -13105
-18 -12223
239 -10816
110 -8896
111 -6208
111 -3647
239 -1855
239 -561
-31 1743
-288 5198
-159 8399
-32 9807
-31 10688
97 12239
-32 13647
-32 14144
97 14016
96 13120
97 12480
96 12096
97 11726
-160 10817
225 9167
-31 6607
-32 3649
225 1216
110 -177
-17 -1585
-18 -4544
110 -8384
110 -10175
238 -11185
-17 -12849
-18 -14272
110 -15025
-18 -15025
-17 -14641
-17 -14144
111 -13888
110 -13233
-18 -12466
-146 -11200
110 -9152
111 -6193
-17 -3121
-18 -945
-31 463
-31 2510
-159 5824
96 9024
97 10447
-32 11328
96 12865
224 14145
225 14528
96 13902
-160 12864
97 12224
97 11727
-287 10959
-32 9551
-31 7872
97 5824
353 3009
225 705
239 -576
110 -2240
111 -4927
239 -8256
111 -10290
-145 -11057
-18 -11954
-145 -13362
-146 -14001
-17 -14144
110 -13503
239 -13120
111 -12863
239 -12864
110 -12209
-17 -11057
-18 -9137
-17 -6450
-146 -3761
-17 -1600
111 -320
96 1601
224 4928
96 8000
96 9536
96 10319
-32 11841
224 13376
96 13902
-160 13646
-160 12878
-159 12238
-159 11983
-32 11329
225 10703
-31 9166
-159 6606
-160 3662
-159 1486
-159 207
-17 -1329
-17 -4146
-146 -7346
-146 -9905
-17 -11071
238 -12223
238 -13745
-17 -14912
111 -15154
-145 -14656
111 -14144
111 -13888
110 -13760
110 -12992
111 -11584
111 -9535
239 -6719
238 -4031
238 -1984
110 -704
96 1600
352 5185
225 8385
225 9921
224 10560
96 12096
353 13761
481 14017
225 13760
96 13120
97 12480
97 11983
-32 11343
-32 10048
96 8512
96 5967
-32 3151
-32 1103
-17 -575
238 -2239
239 -4927
238 -7872
110 -10161
-17 -11057
-17 -12096
111 -13618
-146 -14514
-146 -14513
-17 -14144
110 -13504
110 -13234
-402 -13233
-274 -12465
-18 -11199
239 -9535
238 -6848
111 -3904
110 -1969
-17 -561
-31 1231
-32 4687
-32 7758
-160 9294
-160 10319
-31 11456
97 12992
97 13505
225 12737
225 12239
-32 11854
-160 11343
-31 11215
-31 10447
-32 9039
-31 6863
-31 3791
-32 1344
110 -192
366 -1713
-17 -4145
-18 -7359
238 -9920
111 -11057
-17 -12081
-17 -13617
-18 -14528
110 -14784
111 -14656
110 -14015
239 -13888
111 -13632
111 -12864
111 -12081
-17 -10047
239 -7232
111 -4160
111 -2097
-17 -818
-159 975
-31 4047
-31 7616
96 9281
224 10304
97 11968
96 13391
-32 13889
224 13632
96 12864
96 12352
97 11969
225 11215
-32 10048
96 8512
97 6336
97 3520
96 1102
-145 -562
-146 -1713
-17 -4402
-145 -7729
-18 -9649
-17 -10559
239 -11840
111 -13361
-17 -14400
110 -14513
-18 -14272
110 -13760
110 -13504
110 -13503
239 -12863
238 -11712
110 -9920
111 -7232
111 -4145
-18 -2240
110 -945
-31 719
-31 4047
-31 7630
-160 9551
-287 10432
97 11457
224 13120
97 14031
-31 13774
-159 13006
-160 12367
-31 12239
-32 11840
97 11200
96 9536
96 7488
96 4673
225 1984
352 335
-18 -1202
-146 -3520
111 -7232
110 -9920
111 -11327
239 -12352
111 -13617
-18 -14769
-17 -15168
110 -14784
111 -14130
-145 -13631
239 -13631
239 -13376
110 -11968
110 -9920
111 -7488
110 -4288
111 -2111
238 -704
352 1089
225 4288
97 7887
-31 9665
225 10432
96 11584
97 12993
224 13889
224 13632
97 12751
-32 12111
-32 11584
97 10945
224 10048
97 8398
-160 6464
96 3904
96 1344
110 -433
-18 -1471
239 -3904
111 -7232
111 -9791
238 -10673
-18 -11712
111 -13119
239 -14385
-17 -14912
110 -14257
-18 -13489
-18 -13248
366 -13248
367 -12863
238 -11968
110 -10417
-17 -7999
238 -5056
110 -2481
-18 -1201
-32 335
-31 3535
-32 6991
-31 8897
224 10048
353 11456
96 13120
97 14016
97 14016
97 13248
97 12225
225 11969
224 11584
96 10816
96 9280
97 7374
-160 4672
97 1999
-31 207
-17 -1074
-145 -3377
-18 -6848
110 -9649
-17 -10815
239 -11839
238 -13248
110 -14784
111 -15167
239 -14641
-17 -14129
-17 -13888
111 -13617
-18 -13233
-18 -12209
-18 -10687
239 -7999
239 -4928
111 -2609
-18 -945
-31 463
-31 3264
96 7247
-31 9665
224 10304
96 11584
96 12864
96 13633
224 13633
225 12736
96 11855
-31 11457
480 10817
224 9806
-159 8398
-160 6479
-31 3776
97 1230
-146 -433
-18 -1472
111 -3633
-18 -6592
110 -9393
-18 -10673
-17 -11570
-146 -12736
111 -13887
238 -14528
110 -14257
-18 -13760
111 -13376
110 -12991
239 -12608
111 -11569
-17 -9777
-18 -7615
238 -5056
111 -2609
-17 -1073
-32 335
-32 3407
-31 6863
-31 8911
-31 9934
-160 10831
-32 12622
-160 13391
-32 13376
97 12736
352 12096
97 11969
225 11712
96 10574
-159 9152
96 7232
96 4672
97 1998
-159 207
-18 -945
-18 -2993
-17 -6720
111 -9536
111 -10559
239 -11327
238 -12736
367 -14399
239 -14656
110 -14257
-18 -13760
111 -13361
-18 -13233
-17 -12864
110 -12223
238 -10431
238 -8113
-17 -5184
111 -2623
238 -959
225 463
-31 3279
-32 6976
96 9280
96 10304
96 11329
224 12864
96 13888
97 14031
-32 13391
-31 12737
224 12097
224 11585
224 10560
352 9281
225 7631
-32 4943
-31 1984
97 193
238 -704
110 -2481
-17 -5952
111 -8768
111 -10303
238 -11200
111 -12337
-17 -13631
238 -14016
110 -14001
-17 -13617
-17 -13361
-17 -13120
111 -12863
238 -11712
110 -9920
110 -7616
110 -4529
-18 -2240
110 -945
-31 192
96 3151
-32 6720
97 9153
224 10048
96 11073
224 12609
224 13647
-32 13632
96 13134
-159 12480
96 12110
-159 11727
-32 11072
97 9664
97 7873
225 5312
97 2496
96 832
110 -433
-17 -2111
239 -5439
238 -8895
238 -10175
238 -10929
-18 -12224
111 -13376
366 -14015
239 -13632
367 -13120
110 -12736
111 -12608
110 -12224
110 -11441
-17 -10047
239 -7744
111 -4913
-17 -2353
-17 -832
97 462
-159 3279
-32 6735
-32 9280
97 10433
224 11584
97 13007
-31 14031
-31 13760
97 12993
224 12353
224 11841
224 11328
97 10432
96 9280
97 7630
-160 4942
-160 2383
-31 719
-18 -433
-18 -2226
-145 -5184
366 -8383
494 -9905
-17 -10560
110 -11711
238 -13248
110 -14002
-145 -14129
-17 -13632
111 -13375
239 -13119
238 -12736
110 -11968
110 -10687
238 -8369
-17 -5681
-17 -3391
239 -1856
111 -320
97 2255
-31 5824
97 8640
96 9793
225 10688
97 12239
-31 13505
225 13760
97 13248
96 12864
97 12737
225 12224
353 11201
224 9792
97 7872
96 5440
97 2511
-31 719
-17 -562
-145 -2368
110 -5311
238 -8625
-17 -10290
-146 -10944
111 -12352
111 -14130
-146 -14784
110 -14769
-17 -14129
-18 -13504
111 -13376
111 -13120
111 -12352
111 -10560
111 -8241
-18 -5298
-146 -2738
-146 -960
97 192
97 2511
-31 6080
96 8769
225 9664
96 10830
-159 12224
96 13376
97 13760
96 13120
97 12239
-32 11840
97 11471
-31 10447
-31 9153
225 7617
224 5185
224 2368
96 335
-17 -832
110 -2496
110 -5312
110 -8370
-146 -10176
366 -10687
238 -11697
-18 -12978
-146 -14002
-146 -14257
-18 -13760
110 -13247
239 -13105
-18 -12721
-18 -12224
111 -10815
239 -8767
239 -6208
110 -3505
-18 -1713
-17 -320
352 1871
-31 5327
-31 8384
97 9409
225 10432
96 11840
97 12992
97 13248
96 12608
96 12096
97 11457
224 11072
96 10304
97 9167
-31 7616
97 5312
353 2753
224 591
-17 -832
110 -2225
-17 -5169
-18 -8625
-17 -10289
-17 -10801
-18 -11954
-145 -13361
-18 -14528
111 -14656
110 -14272
110 -13759
238 -13503
239 -13119
239 -12351
239 -11072
111 -9266
-145 -6450
-146 -3776
110 -2239
238 -1201
-32 1344
96 4943
-32 7759
-31 9152
96 10049
225 11456
352 12608
353 12992
97 12750
-160 12110
-159 11470
-159 10959
-31 10433
224 9281
225 7631
-32 5711
-31 2752
97 448
366 -960
110 -2495
239 -5184
110 -8384
111 -10559
239 -11840
111 -12863
238 -14015
238 -15039
238 -15296
111 -14912
110 -14784
111 -14399
495 -14144
367 -13631
238 -12223
238 -10175
495 -7488
622 -4544
367 -2623
494 -1471
480 576
609 3777
481 6592
352 8000
608 8768
609 10177
737 11200
608 11328
865 10945
736 10305
737 9665
737 9152
1120 8256
1121 6593
992 4928
864 2624
878 -448
1390 -2752
1391 -4416
1647 -6208
1391 -9024
1647 -12608
1647 -14912
1902 -16320
2158 -17600
2158 -19391
2031 -21055
2286 -21695
2798 -21439
2799 -21312
2927 -21568
3183 -22079
3310 -22207
3822 -21696
4206 -20671
4590 -18880
4718 -16832
4975 -15935
5358 -15552
5487 -14400
5998 -12480
6254 -10432
6767 -10048
7279 -10816
7791 -11072
8303 -11071
8686 -11968
9070 -13759
9711 -16191
10478 -18624
11374 -21183
12014 -24000
12911 -27200
13679 -31039
14573 -35903
15596 -41407
16620 -46527
17389 -51008
18797 -55360
19821 -60991
20974 -67776
22127 -73536
23662 -78272
25199 -83520
26734 -89536
28270 -95168
29804 -100031
31468 -104637
33261 -109629
35308 -115134
37229 -120638
39533 -126014
41583 -131390
44142 -136381
46574 -140734
49007 -145469
51951 -151101
54766 -158142
57453 -164669
60652 -170429
63980 -176575
67308 -184767
70892 -194240
74607 -203583
78319 -213311
82415 -224064
86381 -236351
90605 -249663
95470 -263613
100334 -277693
105199 -292669
110060 -308413
115693 -325182
121198 -343229
126701 -362815
132588 -382399
138478 -401855
144879 -422208
151916 -443840
158830 -467133
165871 -490046
173164 -512446
180847 -535614
188781 -560192
196972 -585151
205551 -609855
214253 -634944
222830 -660670
232302 -687293
241901 -714813
251631 -742718
261740 -771264
272239 -799807
282861 -828735
293871 -858174
305005 -889150
316783 -921663
328685 -954943
340975 -987456
353645 -1020990
366702 -1057214
379756 -1094846
393071 -1133119
406764 -1172160
421229 -1212733
435439 -1255229
450028 -1299392
465260 -1343935
480494 -1389245
496109 -1435710
511853 -1483583
527854 -1532351
544239 -1582653
560876 -1634749
577773 -1687103
595180 -1739711
612846 -1792701
630511 -1847357
648430 -1903552
666476 -1959360
684909 -2014782
703596 -2070719
722158 -2127551
741102 -2184638
760175 -2241342
779375 -2297919
798700 -2354880
818028 -2412222
837485 -2470207
857069 -2528063
876782 -2585533
896495 -2642494
916335 -2698815
936175 -2754878
955756 -2811837
975597 -2869311
995308 -2926272
1014638 -2981310
1034094 -3036095
1053167 -3092287
1072111 -3148606
1091181 -3204414
1109869 -3259199
1128428 -3314111
1146607 -3369021
1164526 -3423423
1182190 -3477183
1199341 -3530045
1216237 -3581502
1232751 -3632191
1248495 -3682367
1264365 -3731774
1279085 -3780414
1293678 -3827389
1307630 -3871936
1321068 -3914943
1333999 -3956541
1346285 -3997246
1357677 -4035390
1368431 -4070208
1378412 -4102848
1387631 -4133695
1396204 -4162239
1404140 -4187581
1411054 -4209854
1417068 -4229310
1422189 -4246333
1426414 -4261053
1429743 -4272702
1432174 -4281022
1433454 -4285885
1434095 -4287037
1433583 -4284733
1431790 -4280254
1429102 -4273086
1425263 -4262973
1420781 -4248125
1414893 -4229440
1407855 -4208960
1399660 -4186304
1390446 -4159936
1379951 -4130109
1368301 -4097086
1355629 -4062016
1341806 -4023744
1326956 -3982016
1310830 -3936958
1293422 -3888319
1275117 -3836480
1255533 -3782205
1234412 -3724734
1212780 -3664832
1189997 -3601213
1166060 -3533503
1140972 -3462591
1115117 -3389245
1087980 -3313599
1059310 -3233982
1030254 -3150016
1000045 -3062845
968686 -2973375
936429 -2880830
903534 -2784447
869612 -2685117
834799 -2582592
798829 -2477630
762479 -2370623
725231 -2260287
687341 -2147646
648559 -2031936
608878 -1913277
568815 -1792320
528238 -1670079
487148 -1546942
445292 -1422016
403052 -1293760
360301 -1164093
317421 -1034304
273772 -904126
230252 -772798
186220 -640192
141676 -507072
97132 -374205
52204 -241087
7149 -107571
-37663 26574
-82335 160717
-127007 293836
-171168 425295
-215071 555212
-258463 682956
-301472 806735
-344351 931276
-386976 1056845
-428832 1180750
-470173 1302220
-511133 1422542
-551581 1542606
-591263 1661644
-630175 1778127
-668957 1892557
-706589 2006222
-743584 2118221
-780063 2228430
-815517 2337229
-850208 2443343
-884253 2547404
-917408 2649422
-949661 2749901
-980768 2848590
-1011101 2945228
-1040544 3038030
-1068958 3127116
-1096095 3213007
-1122591 3296716
-1148062 3377997
-1172253 3455183
-1195293 3527629
-1217565 3597004
-1238685 3663822
-1258398 3726415
-1277214 3785037
-1294878 3839566
-1311391 3890894
-1327008 3939151
-1340957 3983565
-1354271 4024525
-1366558 4061774
-1377440 4095055
-1387293 4124367
-1395744 4150094
-1403294 4173388
-1409949 4193997
-1415456 4210765
-1419551 4222924
-1423006 4232524
-1425310 4240461
-1426462 4245324
-1426590 4246861
-1425949 4245196
-1424029 4241612
-1421213 4235981
-1417501 4227277
-1413152 4216143
-1407520 4202063
-1401118 4185423
-1393949 4166606
-1385888 4146254
-1376925 4124109
-1367582 4100173
-1357344 4073292
-1346462 4043342
-1334687 4011470
-1322397 3978956
-1309343 3945420
-1296286 3908684
-1281952 3869262
-1267360 3828303
-1252126 3785804
-1236640 3741517
-1220895 3695054
-1204381 3646414
-1187229 3596492
-1170080 3545933
-1152544 3493967
-1134878 3440719
-1116957 3386316
-1098653 3330511
-1080093 3273166
-1061280 3215180
-1042080 3157581
-1023007 3099598
-1003679 3040719
-984351 2980556
-965021 2920142
-945566 2861135
-925982 2802252
-906398 2742604
-886942 2683214
-867488 2624332
-847775 2565837
-828448 2507855
-808991 2450127
-790046 2392653
-770845 2335439
-751646 2278990
-732830 2223437
-714016 2169165
-695584 2116174
-677280 2063183
-658973 2009805
-641310 1957197
-623648 1905998
-605856 1856589
-588830 1806924
-571550 1756239
-554784 1706575
-538400 1658188
-522142 1610061
-506142 1561679
-490271 1513422
-475039 1466063
-460061 1419981
-445213 1374668
-430751 1329615
-416542 1284686
-402590 1240140
-389024 1197388
-375454 1155148
-362653 1114063
-349983 1074383
-337693 1034956
-325535 995021
-313885 956365
-302367 920014
-291230 885070
-280221 850638
-269728 816972
-259229 785100
-249246 754508
-239776 725580
-230046 697166
-221088 669007
-212254 642383
-203551 616909
-195103 593101
-187166 570701
-179743 549580
-171935 529101
-164638 508239
-157727 488142
-150943 469710
-144286 453199
-138014 436047
-131616 418381
-125728 401484
-120477 385741
-114973 369868
-109727 353996
-104864 337996
-99998 322126
-95134 307022
-90784 292943
-86560 279119
-82463 265167
-78365 251086
-74654 236879
-70943 222927
-67359 210125
-64031 198604
-60830 187212
-57757 174540
-54944 162893
-51999 152780
-49312 143692
-46752 134477
-44573 125645
-42013 117964
-39838 111181
-37918 105293
-35614 99405
-33823 93135
-32288 88142
-30368 83791
-28703 80079
-27424 77135
-25631 75215
-24096 73551
-22815 70863
-21536 68174
-20127 67023
-19231 66766
-18336 65870
-17053 63695
-16157 61647
-15134 60495
-14366 58703
-13342 56399
-12317 53454
-11677 50126
-11166 47439
-10782 44878
-10142 42575
-9501 39630
-8606 35918
-8351 31694
-7839 27342
-7328 23887
-6687 21455
-6431 18383
-5919 14286
-5535 10191
-5151 7630
-5024 5711
-4640 3406
-4255 1231
-3858 -434
-3729 -1073
-3602 -1713
-3345 -1842
-3218 -2225
-2833 -2610
-2706 -2738
-2450 -1714
-2450 -178
-2208 2383
-2079 4558
-1952 5710
-1695 6606
-1695 8654
-1696 11598
-1440 13902
-1183 14798
-1184 15439
-1055 16591
-1056 17487
-1312 17743
-1312 16974
-928 15951
-1056 14926
-927 14542
-928 13646
-928 12367
-799 10447
-799 7886
-672 4942
-416 2638
-671 1486
-402 -178
-402 -3249
-273 -6194
-402 -8114
-402 -9138
-145 -10289
-274 -11698
-401 -12593
-273 -12337
-273 -12081
-274 -11697
-274 -11441
-18 -11200
111 -10546
-145 -9009
-17 -7218
-146 -4273
-274 -1713
-273 -306
-160 847
-288 2894
-416 6478
-159 9166
-159 10191
-31 11215
-32 12879
-31 13775
-32 13902
-160 13646
-160 12623
-32 12096
96 11598
-159 10958
-160 10062
-159 8399
-31 6095
-32 3407
-31 1472
97 193
239 -1330
-145 -4401
-18 -7616
111 -9266
-145 -10033
-17 -11057
-17 -12338
-146 -13248
110 -13504
110 -12977
-18 -12722
-145 -12850
-145 -12337
-274 -11441
-274 -10162
-145 -7986
-146 -5298
-146 -2752
111 -1088
111 -63
224 2369
224 5952
96 8512
97 9934
-160 10831
-31 12224
96 13647
-32 14159
-31 13519
-31 12751
-31 12224
96 11841
224 11072
353 10176
96 8271
-31 6095
-31 3279
-31 974
-145 -305
-18 -1458
-145 -4402
-146 -7360
111 -9024
111 -10034
-146 -11185
-17 -12608
111 -13361
-18 -13504
111 -13105
-17 -12593
-18 -12479
238 -12465
-17 -11825
-18 -10417
-17 -8241
-17 -5439
238 -2737
-18 -1216
111 -64
96 2126
-160 5710
-160 8527
-32 9792
97 10688
353 12224
97 13504
97 14016
96 13376
96 12609
224 12096
97 11456
96 11072
96 10304
97 8399
-31 6095
-31 3279
-31 1217
239 -305
-17 -2112
110 -4288
110 -7089
-17 -9265
-17 -10033
-18 -11200
111 -12607
239 -13631
239 -13632
111 -13361
-17 -13105
-17 -12864
111 -12337
-18 -11712
111 -10559
238 -8384
111 -5696
111 -3136
111 -1344
110 -178
-159 1742
-159 5056
97 7872
96 9550
-159 10702
-160 11855
-31 13262
-160 13903
-288 13391
-287 12751
-31 11968
96 11329
224 10816
97 10191
-31 8655
-32 6479
-288 3407
-32 1088
111 -320
110 -1728
110 -4017
-18 -7345
-18 -9408
111 -10289
-18 -11441
-18 -12722
-146 -13490
-146 -13746
-146 -13490
-146 -12977
-18 -12722
-145 -12593
-17 -11840
111 -10560
111 -8768
367 -6193
-18 -3520
111 -1600
111 -305
-32 1871
-31 5070
-159 7873
225 9408
96 10305
224 11584
97 13007
-31 13775
-32 13391
-32 12352
97 11712
97 11456
96 11086
-160 10062
-159 8142
-159 6094
-160 3662
-160 1088
111 -305
-17 -1585
-17 -4159
239 -7488
111 -9522
-146 -10417
-18 -11441
-17 -12863
239 -14144
111 -14400
111 -13887
238 -13247
238 -12992
110 -12977
-17 -12338
-145 -11071
239 -9279
238 -6592
111 -4160
110 -1984
110 -689
-32 1088
96 4431
-31 7631
-31 9409
225 10177
224 11328
97 12992
97 13504
97 13248
96 12352
96 11584
353 11200
96 10831
-31 9679
-32 8256
96 5952
96 2880
96 576
366 -703
239 -2112
366 -4529
-17 -7729
-17 -9777
-17 -10545
-18 -11698
-145 -13105
-17 -13888
111 -14144
111 -13873
-17 -13361
-18 -12992
110 -12992
110 -12465
-18 -11442
-146 -9649
-17 -6976
110 -4018
-145 -2097
-17 -818
-159 975
-32 4160
96 7246
-160 8782
-159 9422
-159 10703
-31 11982
-159 12751
-31 12751
-32 12096
96 11087
-32 11072
96 10560
96 9536
96 8271
-32 6479
-32 3904
97 1216
111 -320
111 -1586
-146 -3761
-17 -6961
-18 -9152
110 -10161
-18 -11200
111 -12608
366 -13503
238 -13745
-17 -13632
111 -13120
111 -13105
-273 -13105
-18 -12736
110 -11712
111 -9777
-18 -7360
110 -4544
111 -2368
110 -1216
96 576
96 3918
-160 7232
96 9024
96 9792
97 11214
-159 13007
-32 13647
-31 13263
-31 12494
-160 12110
-159 11470
-160 10830
-159 9935
-32 8526
-416 6478
-159 3520
96 1089
239 -576
366 -1728
366 -3776
111 -7231
239 -9536
366 -10688
110 -11712
110 -12977
-17 -14143
238 -14527
239 -14129
-18 -13745
-17 -13376
110 -12978
-145 -12594
-145 -11313
-18 -9905
-18 -7359
239 -4672
110 -2481
-18 -959
225 704
96 3904
97 7104
97 9167
-31 10190
-159 11200
97 12495
-31 13263
-31 12992
96 12367
-31 11727
-31 11215
-31 10703
-32 9807
-31 8399
-32 6479
-31 3791
-32 1358
-160 79
-274 -1202
-145 -3378
-145 -6706
-145 -9266
-145 -10033
-18 -10929
-17 -12594
-145 -13617
-273 -14130
-146 -14001
-18 -13247
239 -12864
110 -12992
367 -12607
238 -11456
110 -9919
239 -7488
110 -4786
-145 -2610
-145 -1329
-32 79
-31 3279
-31 6848
97 8911
-32 10063
-32 11342
-159 12750
-159 13263
-31 13248
96 12352
96 11584
97 11201
224 10831
-32 10062
-160 8783
-288 6720
97 3791
-32 1088
111 -575
238 -1727
239 -3647
238 -6833
-18 -9394
-145 -10546
-146 -11697
-18 -12992
111 -14400
111 -14656
110 -14257
-17 -13618
-146 -12977
-18 -12977
-17 -12864
111 -11839
238 -10161
-17 -7729
-17 -4928
111 -2865
-17 -1329
-32 64
96 3136
96 6464
97 8640
96 9280
96 10304
96 11841
224 12609
224 12608
96 11840
96 11328
352 10816
97 10191
-287 9423
-31 8128
96 6209
225 3521
224 1089
239 -575
238 -1728
111 -3634
-146 -6592
110 -9407
239 -10559
238 -11456
110 -12480
110 -14015
239 -14400
111 -14400
111 -13888
366 -13760
110 -13745
-17 -13632
111 -12352
110 -10687
239 -8512
366 -5824
366 -3263
239 -1855
239 -576
96 2127
-32 5696
96 8001
224 8783
-32 10063
-32 11855
-32 12864
97 12992
96 12609
224 11584
97 11470
-159 10959
-31 10176
97 9153
225 7104
97 4303
-31 1472
111 -64
111 -1344
367 -3377
-18 -6321
-274 -9408
111 -10802
-146 -11697
-18 -12992
110 -14528
367 -14911
238 -14784
111 -14400
111 -13887
239 -13632
111 -12864
110 -11953
-17 -10290
-146 -7871
238 -5056
367 -2623
238 -1215
224 320
352 3137
224 6465
225 8896
97 9920
353 10959
-32 12366
-159 13263
-31 13263
-31 12495
-32 11584
97 10944
96 10575
-31 9664
96 8512
96 6735
-31 4544
96 1615
-17 -319
239 -1599
238 -3008
111 -5952
110 -8639
238 -9920
366 -10944
110 -12223
238 -13504
366 -13760
110 -13745
-18 -13503
238 -12991
239 -12864
110 -12735
239 -11840
367 -10304
366 -8128
367 -5439
239 -2879
239 -1343
238 -192
96 2369
225 5568
97 8128
96 9280
352 10816
353 12224
97 13248
97 13248
96 12608
97 11983
-32 11598
-159 10945
224 10305
225 9408
97 7375
-31 4801
225 2496
97 718
-146 -434
-146 -2240
111 -5440
111 -8497
-18 -10176
111 -11072
111 -12351
239 -13631
239 -14143
238 -14272
111 -13631
238 -12991
238 -12991
238 -12735
238 -11968
367 -10304
111 -8000
110 -5297
-18 -2752
110 -1216
96 335
-31 2767
-32 6223
-32 8783
-31 9920
97 10959
-287 12239
-31 13263
-31 13263
-31 12480
352 11840
352 11584
97 11215
-31 10433
225 9408
96 7488
96 5184
96 2368
96 320
110 -704
111 -2353
-17 -5183
238 -8369
-17 -10033
-18 -10688
111 -11825
-18 -12977
-17 -13888
111 -13888
111 -13361
-18 -13248
110 -13247
238 -12736
367 -11839
239 -10560
111 -8497
-17 -5695
239 -3392
366 -1728
110 -448
96 1856
97 5312
97 7872
97 9408
96 10816
97 12238
-159 13262
-160 13632
96 13120
97 12225
225 11713
225 11201
225 10688
97 9679
-32 7759
-32 5441
225 2511
-31 704
110 -447
238 -2225
-18 -5312
110 -8383
238 -9919
238 -10687
239 -11840
111 -13361
-18 -14257
-17 -14129
-18 -13745
-18 -13248
111 -13120
110 -12721
-18 -11953
-18 -10417
-18 -8625
-18 -5568
110 -3008
111 -1073
-32 78
-160 2368
96 5952
97 8640
97 9935
-32 10816
97 12224
97 13248
96 13647
-31 13248
97 12224
352 11584
96 11328
97 10703
-31 9408
96 8000
97 5568
97 2753
225 704
111 -576
110 -1970
-146 -4800
111 -7729
-18 -9664
111 -10560
111 -11584
110 -12992
111 -13618
-145 -13632
110 -13248
110 -12736
110 -12736
111 -12337
-18 -11441
-17 -10304
111 -8512
111 -5951
239 -3136
110 -1457
-18 -448
97 1743
-31 5070
-160 7744
97 9423
-31 10447
-31 11968
352 13121
225 13249
224 12865
225 12481
224 11854
-160 11598
-159 10959
-31 9679
-31 8142
-159 5824
96 3137
225 960
110 -177
-18 -1713
-18 -4529
-18 -7601
-17 -9791
238 -10687
238 -11712
111 -13105
-17 -14400
110 -14528
111 -14129
-18 -13489
-17 -13376
110 -13233
-18 -12465
-17 -11072
110 -9137
-17 -6449
-18 -3775
239 -1585
-18 -448
96 1615
-32 5199
-31 8128
96 9537
224 10560
96 11780
