353 15040
97 16064
96 17231
-32 17999
-32 17998
-159 17615
-32 16463
-32 14656
97 12993
225 11968
97 10959
-31 9167
-288 6735
-32 3407
-32 65
238 -2225
-18 -3520
111 -5183
239 -8512
110 -11953
-18 -12991
238 -13247
239 -14143
239 -15153
-18 -15537
-18 -15281
-18 -14513
-18 -13504
110 -12721
-18 -11697
-17 -10560
110 -8384
111 -5681
-18 -2737
-32 64
97 1985
225 3264
352 5440
353 9408
96 12622
-160 13647
-32 14159
-31 15055
-32 15425
224 15169
225 14272
96 12608
97 11215
-31 9921
224 8769
224 7233
224 4672
97 1472
366 -1983
238 -4018
-146 -5297
-17 -6720
367 -9535
238 -12991
238 -14513
-18 -14784
110 -15296
111 -15936
110 -16064
110 -15808
111 -14912
111 -13873
-18 -12977
-18 -12209
-17 -10560
111 -8256
110 -5312
111 -1599
480 1857
225 3791
-32 4687
-32 6977
224 10575
-31 13774
-160 15168
97 15567
-31 16321
224 17217
224 17216
96 15936
97 14272
97 12751
-32 11584
96 10304
96 8783
-32 6223
-31 3008
111 -576
111 -3392
111 -4928
110 -6336
110 -9664
110 -13248
111 -15167
239 -15921
-18 -16562
-145 -17457
-18 -17841
-17 -17728
110 -17087
239 -16433
-18 -15808
110 -15040
111 -14129
-17 -12351
239 -9024
110 -5312
111 -1856
352 576
97 2240
97 4800
96 8782
-160 12367
-32 13889
225 14784
97 15567
-31 16320
97 16576
97 15808
97 14528
97 12992
97 11727
-31 10703
-32 9295
-32 6478
-160 3406
-146 -192
366 -2751
239 -4416
111 -5951
239 -8511
239 -11570
-146 -14001
-17 -14400
111 -14911
239 -15423
238 -15808
367 -15424
110 -14784
110 -13504
366 -12735
238 -11968
111 -11072
111 -9265
-17 -6464
111 -2866
-160 591
-31 2752
96 3904
97 5839
-32 9536
96 12609
225 13760
96 14144
97 14543
-31 15296
96 15168
97 14272
97 12751
-31 10959
-31 9679
-31 8655
-32 7246
-159 4814
-160 1600
110 -1713
-18 -4543
238 -6080
367 -7232
110 -9664
110 -12991
238 -15039
238 -15808
111 -15921
-17 -16704
111 -17215
238 -16817
-17 -16191
238 -15040
110 -14271
238 -13503
238 -12209
-18 -10417
-17 -7743
239 -4145
-18 -704
97 1487
-32 3151
-31 5327
-32 8783
-31 12481
225 14272
353 15296
353 16321
224 16961
224 16960
97 16577
225 15296
97 13775
-32 12622
-160 11329
225 9920
352 7744
353 4544
96 1088
111 -1856
111 -3647
239 -4657
-18 -7345
-18 -10944
111 -13376
110 -14272
111 -14641
-18 -15537
-17 -16192
111 -16192
110 -15551
239 -14656
110 -14002
-145 -13361
-17 -12081
-18 -10417
-18 -7601
-18 -4017
-18 -433
-32 2112
353 3521
225 5327
-31 8655
-31 12225
224 14144
353 14784
97 15808
96 16463
-32 16448
353 16065
224 14671
-31 12992
96 11840
96 10561
225 8897
225 6848
96 3919
-31 719
-17 -2368
110 -4032
367 -5440
367 -8000
110 -11456
110 -14016
367 -14912
111 -14912
111 -15423
239 -15680
111 -15921
-18 -15538
-146 -14514
-146 -13490
-146 -12722
-146 -11698
-145 -10304
111 -7487
238 -4017
-18 -434
-159 1999
-31 3521
224 5199
-31 8398
-159 12239
-31 14287
-32 14912
97 15808
97 16846
-159 17088
96 16463
-31 15311
-32 13377
225 11968
352 11073
224 9281
224 6976
96 4431
-31 719
-18 -2225
-17 -4145
-18 -5042
-145 -7218
-146 -10673
-18 -13504
111 -14386
-146 -14784
110 -15295
239 -15935
238 -16064
110 -15793
-17 -14655
238 -13759
238 -12977
-17 -11584
110 -9920
366 -7616
366 -4287
238 -703
224 1871
-31 3534
-159 5312
97 8384
96 12096
96 14401
225 15296
96 15936
97 16576
96 16704
96 15951
-32 14670
-160 13134
-159 11712
96 10304
96 9025
225 6863
-31 3791
-31 449
238 -2751
239 -4401
-17 -5425
-17 -7744
110 -11200
366 -14272
366 -15040
111 -15168
110 -16064
367 -16959
238 -16832
110 -16320
111 -15666
-146 -14528
111 -13631
238 -12735
239 -11327
239 -8768
110 -5311
239 -1585
-32 1102
-159 2511
-31 4544
96 7745
225 11471
-32 13888
96 14657
224 15681
224 16960
96 17487
-32 16975
-31 15567
-31 14031
-32 12879
-287 11983
-31 10689
225 8641
225 5568
96 2113
239 -1087
239 -3391
494 -4544
111 -6449
-18 -9920
111 -12593
-17 -13632
111 -14144
111 -14912
111 -15424
111 -15680
110 -15296
110 -14257
-17 -13361
-17 -12849
-18 -11697
-18 -10417
-17 -7985
-17 -4928
111 -1344
97 1472
96 2881
225 4544
352 7503
-32 11328
97 13775
-32 14671
-31 15311
-32 16192
97 16576
97 16321
225 15040
96 13135
-31 11713
224 10816
352 9280
352 7488
353 4545
224 1103
-18 -1728
111 -3647
238 -5055
238 -6848
111 -10289
-18 -13233
-18 -14257
-17 -14912
110 -15552
110 -16320
110 -16320
110 -15807
239 -14911
239 -14144
110 -13489
-17 -12337
-17 -11072
110 -8640
111 -5184
111 -1344
352 1345
224 3136
96 4417
224 7233
224 11073
224 13888
96 14657
224 15425
224 16960
97 17344
96 16704
97 15297
225 13760
96 12367
-32 11329
224 10063
-32 8014
-159 5312
96 1857
238 -1471
239 -3633
-17 -4928
111 -6975
238 -10175
239 -13617
-18 -15026
-146 -15295
238 -16064
111 -16945
-17 -16945
-17 -16689
-18 -16064
111 -14912
111 -14130
-146 -13247
238 -12224
111 -10033
-18 -6834
-145 -2865
-32 64
96 1871
-32 3392
97 6081
225 10177
224 13121
225 13761
224 14401
224 15168
97 15552
97 15553
225 14529
224 12865
225 11457
224 10305
224 9039
-31 7375
-32 4687
-31 1472
110 -1984
367 -4416
111 -5426
-146 -7089
-18 -10432
367 -13376
110 -15040
111 -15409
-18 -16063
238 -16831
239 -16960
111 -16690
-146 -15793
-18 -14769
-18 -14016
110 -13247
238 -11968
367 -9535
239 -6705
-18 -2993
-32 334
-159 1999
-32 3392
97 5824
97 9935
-31 12992
97 14031
-32 14926
-159 15566
-159 16335
-31 16079
-32 15168
97 13760
96 12367
-32 11087
-32 9792
96 8000
97 5568
97 2511
-18 -960
110 -3505
-17 -4671
238 -6080
110 -8881
-18 -12209
-17 -13887
239 -14399
239 -14911
238 -15808
366 -16064
366 -15552
367 -14898
-145 -13617
-18 -12991
239 -12352
367 -10801
-18 -8384
110 -5311
239 -1599
224 1871
-32 3648
97 5071
-31 7631
-32 11585
224 14401
225 15552
96 16207
-31 17089
224 17728
97 17344
96 16463
-32 14912
96 13376
353 11969
225 10958
-159 9422
-160 6735
-31 3279
-17 -49
-17 -2353
-274 -4032
111 -5425
-18 -8113
-17 -11840
110 -13504
111 -14144
111 -14656
110 -15296
111 -15935
238 -15793
-18 -15040
111 -13888
366 -13247
238 -12480
367 -11328
111 -9266
-145 -6464
110 -2993
-31 463
-287 2767
-32 3905
225 6336
97 10191
-31 13519
-32 14657
224 14913
224 15681
225 16576
97 16591
-31 15552
96 13888
97 12481
224 11328
97 10177
224 8513
225 6095
-32 2895
-17 -561
-17 -3136
110 -4543
238 -6079
238 -8895
239 -12096
110 -14001
-18 -14514
-145 -15168
111 -15935
238 -16305
-17 -16177
-17 -15680
111 -14912
110 -14257
-18 -13233
-273 -11825
-18 -9920
111 -6975
239 -3392
111 -64
96 2112
97 3264
97 5568
352 9280
353 12481
225 14016
96 14656
97 15552
97 16576
96 16449
224 15424
96 13888
97 12225
224 10816
353 9408
97 7872
96 5185
224 2112
111 -1344
111 -3889
-17 -5425
-18 -6848
366 -9663
238 -13248
110 -15281
-17 -15679
239 -16191
239 -17216
366 -17599
238 -17344
111 -16447
239 -15424
111 -14911
238 -14272
110 -12978
-146 -11186
-146 -8383
239 -4672
111 -1088
96 1089
224 2624
97 4544
97 8399
-31 11983
-288 13391
-32 13888
97 15040
97 15553
481 16079
-31 15297
225 14017
224 12367
-32 11328
96 10305
224 8513
225 6351
-31 3535
-32 320
111 -2368
111 -4145
-18 -5297
-18 -7857
-17 -11058
-145 -13105
-17 -13631
239 -14144
367 -14912
110 -15026
-146 -15026
-145 -14386
-146 -12992
110 -12224
111 -11328
110 -10161
-18 -8369
-18 -5312
111 -1841
-32 1615
-32 3919
-31 4800
96 6977
224 11087
-31 14286
-160 15695
-31 16064
96 17217
224 17984
97 17870
-160 16975
-31 15296
96 13647
-32 12097
225 10945
224 9536
97 7361
225 4288
96 591
-18 -1969
-17 -3648
110 -5056
367 -7487
238 -10944
111 -13631
239 -14144
367 -14399
238 -15295
238 -15808
366 -15807
238 -15025
-18 -14271
239 -13632
367 -13120
367 -11840
366 -9919
238 -7103
494 -3520
609 192
608 2625
224 3905
480 5697
480 9024
609 12737
481 14272
609 14785
481 15553
736 16448
864 16449
992 15424
864 13888
865 12224
1120 10561
993 9153
1248 7489
1248 4928
1376 1600
1390 -2239
1518 -5312
1646 -7615
1775 -9279
2030 -12223
1774 -16063
2030 -18879
2543 -20031
3055 -21311
3054 -22719
3055 -23872
3439 -24383
3567 -24640
3950 -24256
4207 -24127
4334 -24255
4846 -24511
5103 -24127
5359 -22335
5870 -20416
5998 -17856
6511 -16447
6895 -16191
7407 -15935
7663 -14143
8174 -12224
8815 -11839
9711 -12864
10094 -14016
10606 -15040
11374 -17087
12015 -20032
12911 -23359
13806 -27584
14447 -31807
15596 -35775
16621 -39999
17645 -44864
18540 -50880
19820 -57535
20972 -64191
22254 -69568
23663 -74303
25071 -80703
26350 -88767
27887 -96320
29804 -101824
31597 -107069
33260 -113341
35053 -119614
37228 -125373
39407 -131133
41966 -136637
44271 -142397
46574 -148926
49007 -155454
51822 -161470
54636 -166845
57580 -171965
60652 -176830
63852 -183488
67181 -191552
70766 -199616
74350 -206528
78190 -213952
82031 -223551
86252 -234944
90732 -246720
95341 -259134
100206 -272317
104943 -287037
109804 -303294
115308 -320190
120942 -337341
126703 -355391
132589 -374335
138735 -394048
145006 -415424
151661 -438335
158703 -461118
165743 -483645
173037 -506430
180846 -530621
188399 -556861
196589 -583488
205166 -608960
213869 -634688
222575 -661053
231916 -688574
241517 -716349
251375 -744510
261740 -773056
271982 -802752
282476 -833471
293614 -864445
305132 -895934
316782 -927679
328428 -959423
340719 -991807
353516 -1025725
366062 -1062077
379372 -1099198
392814 -1135807
406765 -1172288
420718 -1211581
435182 -1253054
449901 -1295423
464879 -1338943
480238 -1383358
495725 -1429310
511597 -1477439
527598 -1526463
543983 -1575998
560748 -1626301
577772 -1678015
594927 -1730879
612079 -1784893
629998 -1840574
648044 -1896896
666220 -1952447
684524 -2007741
703212 -2064831
721902 -2123968
740718 -2182845
759790 -2240702
779118 -2298047
798444 -2355647
817901 -2414141
837357 -2472255
857068 -2529983
876783 -2587709
896239 -2645565
916207 -2703935
935918 -2761662
955758 -2818749
975084 -2874559
994796 -2929600
1014381 -2984254
1033838 -3039423
1052910 -3095231
1072110 -3151037
1091052 -3205054
1109869 -3257408
1128300 -3310271
1146607 -3364157
1164527 -3417152
1181804 -3469503
1198829 -3521597
1215981 -3573054
1232238 -3624127
1248238 -3674560
1263725 -3723069
1278701 -3770430
1293422 -3816125
1307117 -3861055
1320685 -3905087
1333743 -3947837
1346029 -3988798
1357166 -4026813
1368044 -4061887
1378286 -4095424
1387373 -4128064
1396079 -4158527
1403628 -4184765
1410799 -4207678
1417069 -4228413
1422316 -4246973
1426415 -4262462
1429870 -4274365
1432046 -4283070
1433711 -4288574
1433966 -4292029
1433326 -4291773
1431791 -4288061
1429230 -4280253
1425646 -4268477
1420780 -4252606
1414765 -4234815
1407726 -4214720
1399917 -4191551
1390572 -4163775
1380078 -4131261
1368557 -4096574
1355628 -4060607
1341679 -4021312
1326700 -3978429
1310703 -3932221
1293551 -3883840
1274990 -3832512
1255532 -3778237
1234925 -3720765
1213165 -3659327
1190125 -3594813
1166061 -3527743
1140973 -3457856
1114988 -3385789
1087725 -3310144
1059439 -3230269
1030126 -3146943
999661 -3060797
968687 -2972991
936429 -2882109
903404 -2786496
869486 -2687678
834670 -2586304
799085 -2482494
762735 -2375488
725356 -2265535
687340 -2152894
648815 -2037823
609263 -1921342
568940 -1802432
528493 -1680959
487405 -1557054
445548 -1430207
403436 -1301694
360812 -1172413
317932 -1042880
274285 -912445
230637 -780094
186732 -645312
142444 -510655
97772 -376766
52844 -242879
8173 -107572
-36511 27855
-81184 162125
-125984 294733
-170015 425934
-213919 556493
-257311 685517
-300832 810318
-343456 934732
-385951 1058765
-427808 1181262
-469149 1302476
-510109 1423567
-550430 1543503
-590112 1661772
-629407 1776591
-667934 1889357
-705565 2001614
-742816 2113356
-779165 2222542
-814749 2329804
-849567 2435279
-883486 2538828
-916640 2640975
-949022 2741069
-980255 2838223
-1010461 2932685
-1039903 3024846
-1068189 3114957
-1095709 3202255
-1122336 3287116
-1147807 3368396
-1171869 3445199
-1195037 3518669
-1217054 3589708
-1237918 3658575
-1258013 3723470
-1277085 3783117
-1294621 3838926
-1310879 3891918
-1326495 3941070
-1340829 3985869
-1354015 4026828
-1366176 4063822
-1377181 4097487
-1386781 4128207
-1395488 4155470
-1403037 4178893
-1409567 4198093
-1415199 4213452
-1419423 4225740
-1422494 4235597
-1424925 4243149
-1426206 4247629
-1426462 4247116
-1425566 4243532
-1423774 4238925
-1421086 4232524
-1417375 4223437
-1412640 4211279
-1407263 4196815
-1401117 4180175
-1394205 4161998
-1385887 4141007
-1377054 4117325
-1367583 4091341
-1357344 4064076
-1346205 4035278
-1334687 4005327
-1322525 3973837
-1309727 3940044
-1296029 3903437
-1281821 3864270
-1267360 3824463
-1252382 3784525
-1236768 3742028
-1220767 3696590
-1204382 3649615
-1187613 3601613
-1170463 3551948
-1152927 3500494
-1135006 3447118
-1116830 3392333
-1098526 3336783
-1079839 3280847
-1061151 3224268
-1042079 3166412
-1023136 3107151
-1003808 3047246
-984478 2986828
-965022 2927183
-945438 2868047
-925981 2808268
-906398 2746956
-886685 2685135
-867104 2624844
-847776 2565965
-828447 2506702
-809119 2447822
-789664 2389581
-770846 2332238
-752030 2275406
-733086 2219340
-714399 2163661
-695584 2108495
-677408 2053966
-659357 2000845
-641309 1949645
-623646 1899855
-606239 1850316
-588960 1800268
-571805 1749967
-555038 1701711
-538655 1655501
-522526 1609548
-506269 1562574
-490655 1515726
-475295 1470158
-460190 1425229
-445472 1380172
-431008 1335118
-416669 1289934
-402589 1245133
-389152 1203788
-375966 1163084
-363167 1122254
-350110 1081423
-337949 1040588
-325792 1000524
-313758 962125
-302111 926158
-290973 890831
-280351 854734
-269983 818893
-259613 785869
-249629 755149
-239903 724941
-230429 695502
-221343 667087
-212253 640463
-203808 614988
-195487 590541
-187421 566477
-179743 543437
-172062 521805
-164638 501326
-157600 482638
-150944 465486
-144541 448974
-138141 431822
-132000 414029
-126239 398284
-120478 384588
-115101 371149
-109855 356557
-104992 341836
-99998 327502
-95389 313550
-91038 299854
-86687 285391
-82719 271310
-78493 257230
-74653 244174
-71070 231759
-67615 219084
-64415 206541
-60958 193356
-58013 180429
-55326 168780
-52383 158412
-49567 148684
-47008 138061
-44574 126796
-42142 117068
-40094 109389
-37917 102349
-36127 95180
-34208 89166
-32159 83918
-30111 79054
-28832 74830
-27551 70350
-26015 66254
-24221 62927
-22813 60622
-21405 59854
-20381 60366
-19357 60110
-18077 58574
-17054 56654
-16030 55886
-15262 56655
-14366 57423
-13598 56399
-12830 54606
-11678 53327
-11038 51791
-10270 49743
-9758 46927
-9245 43727
-8989 40654
-8349 37839
-7709 35022
-7328 32078
-6816 28494
-6559 24015
-5919 19150
-5536 15183
-5152 12622
-4767 10447
-4384 6990
-4255 2766
-3985 -49
-3857 -1329
-3602 -2482
-3474 -4018
-3217 -4913
-3090 -5298
-2706 -5041
-2577 -4657
-2322 -4274
-2193 -3634
-2194 -2994
-1938 -1714
-1695 975
-1567 4046
-1439 7119
-1567 8910
-1440 9807
-1312 11343
-1311 14543
-1312 17999
-1056 19278
-928 19534
-928 20303
-1056 21070
-928 20815
-799 19919
-1056 18255
-800 16463
-544 15183
-543 13774
-672 12111
-543 9678
-416 6478
-416 2895
-288 79
-530 -1714
-402 -3505
-273 -6194
-402 -10162
-401 -12850
-145 -13105
-274 -13489
-17 -14641
-274 -15281
-274 -15281
-273 -14897
-18 -14002
-146 -13233
-274 -12465
-273 -11313
-273 -9777
-273 -6962
-145 -3136
97 448
97 3008
97 4544
96 6223
-32 9792
96 13377
225 15055
-32 15438
-159 16334
-416 17487
-287 17871
-31 17344
96 15951
-32 14670
-160 13120
96 11585
224 10063
-32 8271
-31 5326
-160 1358
-145 -1330
-145 -2865
-274 -4018
-146 -6336
110 -9905
-18 -12210
-145 -13120
110 -13489
-17 -14386
-146 -15040
367 -14911
238 -14016
110 -12991
239 -11826
-146 -10929
-18 -9906
-145 -8497
-18 -5824
111 -2353
-32 1614
-159 4047
-31 5326
-160 7232
97 10432
96 14415
-32 16448
97 16847
-31 17600
96 18496
96 18511
-32 17742
-159 16079
-31 14272
96 13121
224 11840
97 10433
225 8129
224 4929
225 1472
110 -1215
239 -3136
111 -4672
111 -6975
239 -10560
110 -13233
-18 -14258
-145 -15168
111 -15680
111 -16178
-145 -16448
111 -15921
-18 -15296
111 -14656
110 -14257
-18 -13248
111 -11313
-18 -8625
-17 -5184
111 -1343
224 1359
-32 2624
96 4161
225 7360
97 11471
-31 13248
96 14144
353 15041
224 15937
224 16448
96 15951
-32 14415
-31 12993
225 11471
-32 10049
224 8769
225 6593
225 3790
-159 463
-18 -2737
-17 -4672
111 -5682
-146 -7616
110 -11199
239 -13887
238 -14784
366 -15039
239 -15666
-145 -16177
-17 -16192
110 -15551
238 -14513
-17 -13631
239 -12608
366 -11456
110 -10161
-17 -7744
110 -4544
111 -576
97 1984
97 3520
96 4928
96 8001
224 11584
96 13632
97 14287
-32 15169
224 15936
352 16448
352 15681
224 14415
-32 12622
-159 11214
-160 10049
225 8896
97 6848
97 4032
96 79
-17 -2865
-18 -4800
110 -6321
-18 -8384
111 -12081
-17 -14897
-18 -15808
110 -16050
-145 -16690
-146 -17344
110 -17856
111 -17728
111 -16960
111 -16192
110 -15281
-17 -14143
238 -12479
239 -10034
-145 -6449
-273 -2610
-159 463
-31 2255
-31 3520
97 6848
96 11073
224 13633
224 14400
97 15310
-160 16207
-32 16718
-160 16192
353 14785
224 13390
-160 12111
-32 10831
-32 9295
-31 7375
-32 4942
-160 1871
-18 -1201
-17 -3377
-18 -4800
110 -6592
111 -10048
111 -12863
238 -14015
239 -14399
239 -15409
-17 -15922
-145 -15936
111 -15424
111 -14385
-17 -13361
-18 -12977
-17 -12082
-145 -10560
110 -8127
238 -4800
111 -832
97 1984
96 3406
-159 4801
225 7360
352 11328
97 13760
97 14528
96 15168
97 15823
-31 16334
-160 15936
97 14529
225 13007
-31 11456
97 10688
96 9039
-31 7119
-32 4416
96 1344
111 -2097
-18 -4273
-18 -5298
-145 -7217
-18 -10674
-146 -13745
-273 -14912
110 -15296
110 -15793
-18 -16561
-17 -16689
-17 -16192
110 -15552
110 -14528
110 -14001
-18 -12977
-17 -11328
110 -9407
239 -6208
111 -2367
224 832
97 2510
-160 4160
97 6849
224 11073
224 14401
225 15296
352 15936
96 16719
-31 17345
224 16961
224 15936
97 14543
-31 13249
224 12097
225 10689
224 8769
224 6208
96 2624
110 -945
-17 -2880
110 -4288
111 -6208
366 -9664
110 -13233
-17 -14400
110 -15025
-18 -15537
-18 -16305
-18 -16305
-18 -15793
-17 -15168
110 -14272
110 -13503
238 -12465
-17 -10815
238 -8383
239 -5439
238 -1471
225 1743
-31 3534
-159 4544
96 6721
225 10688
97 13761
224 14656
97 15296
97 16320
96 17217
225 16847
-31 15566
-159 14016
96 12622
-159 11200
96 10048
97 7872
96 5185
225 1728
110 -1457
-18 -3505
-17 -4913
-17 -6208
110 -9151
239 -12337
-18 -14002
-146 -14257
-17 -14656
110 -15551
239 -15936
111 -15423
239 -14656
366 -13247
238 -12736
110 -12223
239 -11071
238 -8895
239 -5951
239 -2112
352 1344
96 3407
-31 4559
-31 7104
96 11072
96 14144
96 15680
97 16335
-31 17359
-31 17857
224 17728
353 16832
353 15553
225 14016
97 13007
-31 11727
-32 9807
-31 7104
97 4032
96 591
-18 -1727
238 -3263
238 -5055
238 -8383
494 -11712
367 -13632
110 -14001
-18 -14784
110 -15807
239 -15936
111 -15680
111 -14912
367 -13887
238 -13248
111 -12351
239 -10816
110 -8896
111 -5937
-18 -2226
-159 1231
-32 3151
-31 4545
225 6592
352 10304
97 13263
-31 14543
-31 15296
97 16079
-31 16577
224 16448
96 15695
-32 13903
-31 12239
-31 11201
224 10048
97 8384
96 5710
-159 2240
110 -960
110 -3775
238 -5056
110 -6321
-17 -9265
-18 -12480
111 -14144
110 -14783
239 -15167
239 -16447
238 -16576
111 -15936
110 -15296
110 -14528
110 -14016
111 -13120
111 -11825
-18 -9649
-17 -6719
239 -3135
225 193
225 2496
353 3776
353 5825
224 9536
96 12864
353 14273
224 14912
96 15936
96 16960
97 16576
352 15680
97 14287
-288 12864
96 11585
225 10433
224 8768
96 6223
-31 3008
110 -433
-17 -3136
111 -4927
238 -6335
238 -9151
238 -12735
239 -14656
110 -15295
239 -15666
-146 -16818
-146 -17343
238 -17087
238 -16320
110 -15296
110 -14513
-18 -13760
110 -12480
111 -10545
-17 -7730
-146 -3775
239 -319
225 1728
96 3151
-32 5184
353 9152
97 12495
-31 13775
-31 14529
225 15296
97 16079
-32 15936
96 14912
97 13504
96 12111
-31 10688
96 9551
-31 7887
-32 5455
-32 2368
110 -1201
-17 -4160
111 -5695
238 -6847
239 -9023
238 -12736
111 -14912
110 -15551
238 -15793
-18 -16305
-17 -16960
111 -16960
110 -16320
110 -15295
239 -14385
-18 -13746
-146 -12465
-18 -10417
-17 -7473
-17 -3889
-17 -561
-31 1984
96 3393
224 5185
224 9038
-160 12623
-31 14286
-159 14799
-32 15936
97 16577
224 16705
224 15937
225 14528
96 12864
97 11713
224 10560
353 9152
352 6977
224 3904
96 320
367 -2368
366 -4032
367 -5183
239 -7744
111 -11328
111 -13632
110 -14257
-18 -14513
-17 -15409
-18 -15808
111 -15680
110 -15025
-18 -13760
111 -12850
-145 -12351
239 -11327
238 -9393
-18 -6592
111 -2880
97 704
97 3023
-31 4303
-32 5953
225 9408
353 12992
352 14913
224 15680
96 16705
225 17089
225 17088
97 16320
96 14912
96 13391
-32 11840
97 10703
-32 9024
96 6735
-31 4032
353 449
238 -2737
-17 -4401
-17 -5425
-17 -8000
111 -11569
-17 -14129
-18 -15040
110 -15296
110 -15808
110 -16561
-17 -16433
-17 -15665
-17 -14911
239 -14143
239 -13375
238 -12479
238 -10432
111 -7473
-18 -3776
110 -191
224 2112
97 3535
-32 5184
97 8896
96 12608
97 14784
96 15425
225 16321
224 17216
97 17345
225 16833
225 15553
225 14016
97 12736
96 11329
225 9920
97 7887
-31 5056
96 1344
110 -1472
110 -3263
239 -4671
238 -7104
366 -10431
238 -12992
110 -13759
238 -14272
110 -15039
239 -15679
239 -15410
-146 -14769
-18 -14016
111 -12850
-146 -12209
-18 -11441
-18 -9919
239 -7231
239 -3648
367 -63
225 2753
224 4160
96 5953
224 9024
96 12879
-32 14671
-32 15424
97 16320
96 17216
97 17345
224 16704
353 15311
-32 13633
224 12353
225 10944
97 9664
97 7631
-32 4687
-32 1089
238 -2240
366 -4032
366 -5055
239 -7217
-18 -10673
-17 -13632
111 -14656
111 -15153
-18 -15551
239 -16191
238 -16064
110 -15296
111 -14400
111 -13632
110 -13247
239 -12095
238 -10432
110 -7872
111 -4416
110 -960
96 1600
96 3136
353 4801
225 8129
224 11840
352 14144
352 14657
225 15552
96 16463
-32 16448
353 15809
225 14543
-31 12736
97 11457
224 10304
96 9024
96 6977
224 3905
225 463
-17 -2610
-146 -4785
-17 -6193
-18 -8113
-18 -11712
111 -14400
110 -15296
110 -15551
494 -16319
239 -17201
-18 -17329
-17 -16704
111 -15680
111 -14655
239 -13632
111 -12608
110 -11200
111 -8512
110 -4799
239 -1088
97 1984
97 3521
225 4801
224 8000
96 12353
224 14400
96 15169
225 16064
97 17103
-31 17600
97 17088
96 15951
-32 14159
-31 12750
-160 11599
-31 10177
224 8001
224 5184
96 1615
-17 -1600
110 -3775
238 -5055
238 -7103
239 -10304
110 -13248
110 -14528
110 -15039
238 -15552
110 -16320
111 -16434
-145 -16177
-18 -15552
110 -14783
238 -14001
-17 -13105
-18 -11697
-18 -9408
111 -5937
-17 -2368
352 576
352 2368
97 3520
96 6441
