111 -16192
367 -15679
239 -14144
110 -13248
110 -12722
-146 -11954
-145 -10289
-18 -7871
239 -4657
-17 -1074
-160 1857
225 3264
97 4801
225 8384
97 12238
-160 14144
97 14784
352 15680
97 16577
225 16833
225 16079
-32 14656
96 13121
224 11841
225 10688
97 9409
225 7360
96 4687
-32 1103
-17 -1841
-18 -3519
238 -5056
110 -7346
-146 -10930
-145 -13376
110 -14016
110 -14528
110 -15552
367 -16191
238 -16050
-146 -15281
-17 -14385
-18 -13233
-18 -12480
110 -11712
110 -9920
110 -7359
239 -4160
110 -448
97 2254
-159 4046
-160 5696
96 8768
97 12737
225 14785
480 15424
352 16192
96 17473
225 17615
-32 16704
97 15296
96 13888
353 12736
353 11457
225 10191
-32 8000
96 4672
97 1216
110 -1969
-18 -3761
-17 -4928
110 -7360
111 -10815
239 -13632
111 -14656
110 -15295
238 -16049
-18 -16562
-145 -16690
-145 -16433
-274 -15282
-146 -14513
-17 -13888
111 -12863
239 -11328
110 -8896
111 -5439
239 -1585
-32 1088
97 2752
97 4303
-31 7360
97 11456
97 13519
-31 14031
-31 15055
-32 15951
-31 16334
-160 15695
-32 14158
-159 12736
97 11712
96 10575
-31 9153
224 7232
97 4545
225 960
111 -2368
110 -4287
239 -5440
367 -7488
367 -10801
-17 -13362
-146 -14513
-18 -15025
-17 -15922
-146 -16561
-17 -16689
-18 -16064
110 -15039
495 -14143
238 -13248
110 -12224
111 -10815
238 -8639
238 -5312
110 -1727
225 960
97 2753
224 4416
97 7360
97 11215
-32 13888
96 14671
-31 15297
225 16321
224 16704
97 16064
96 14656
97 13249
225 11968
353 10689
224 9281
225 7361
225 4544
96 1344
111 -1855
238 -4032
111 -5169
-17 -6962
-146 -10417
-18 -13760
111 -14912
110 -15040
111 -15680
110 -16576
111 -16704
110 -16063
239 -15424
110 -14528
110 -14016
110 -12992
110 -11455
239 -8768
111 -5440
110 -1984
96 832
97 2752
96 4431
-31 7104
96 11072
97 13504
96 14401
225 15296
96 16463
-31 16847
-31 16335
-31 15041
225 13504
96 12367
-32 11328
97 9921
225 7872
97 5071
-31 1743
-17 -1329
-274 -3506
-145 -4928
111 -6720
110 -9905
-18 -12722
-145 -14130
-145 -14656
110 -15296
110 -16064
111 -16192
111 -15665
-18 -14784
111 -13873
-17 -13376
110 -12480
111 -11072
111 -8497
-18 -5568
111 -1855
225 1217
224 2895
-31 4559
-31 7118
-160 10831
-287 13775
-32 15183
-31 16079
-32 16960
96 17472
96 16704
97 15553
225 14287
-31 13007
-32 12111
-31 10432
97 8640
97 6094
-160 2383
-18 -960
111 -3136
366 -4544
111 -6207
239 -9279
238 -12721
-17 -14144
111 -14911
239 -15680
111 -16433
-17 -16945
-17 -16447
238 -15537
-18 -15025
-18 -14272
110 -13489
-17 -12351
238 -9920
110 -6848
111 -3121
-31 207
-31 2255
-31 3776
96 6478
-160 10574
-160 13120
96 14400
96 15183
-31 16064
97 17088
352 16705
224 15438
-160 13903
-32 12608
96 11328
353 9921
225 8385
225 5583
-31 1999
-18 -1457
-17 -3633
-17 -4913
-17 -6720
110 -9920
110 -12991
238 -14513
-17 -14912
110 -15807
239 -16447
239 -16959
239 -16447
238 -15537
-17 -14642
-145 -13873
-17 -12864
111 -11328
110 -9152
111 -6207
238 -2240
353 1217
225 4032
353 5824
97 8399
-32 12096
97 14528
96 14671
-31 14799
-32 15169
225 15040
96 13903
-31 12239
-31 10176
97 8128
96 6991
-288 5711
-287 4559
-288 2895
-31 448
110 -2225
-18 -3776
110 -4032
111 -4913
-17 -7217
-18 -9920
111 -11057
-18 -11200
110 -11953
-17 -12850
-145 -13376
110 -13759
239 -13632
111 -13361
-18 -13503
238 -13759
238 -13248
111 -12081
-18 -9394
-146 -6065
-17 -2865
-274 -1201
-31 448
96 2894
-159 7375
-31 11200
97 13007
-31 14799
-32 16463
-287 17870
-159 18126
-159 17344
97 15808
96 14400
96 13135
-32 11599
-31 9678
-159 6607
-287 3023
-18 -945
-18 -3520
111 -5425
-18 -7360
110 -10417
-17 -14129
-17 -15936
110 -16319
238 -16575
239 -17201
-18 -17329
-17 -16704
110 -15552
110 -14258
-145 -13120
110 -12224
110 -10944
110 -8625
-18 -5809
-18 -2239
225 961
225 2753
224 3648
97 5327
-32 9039
-32 11840
96 13120
97 13504
97 14272
96 14912
97 15040
97 14273
224 12609
225 11215
-32 10318
-160 9280
97 7873
225 5568
97 2510
-146 -1216
110 -3775
239 -5439
239 -6961
-17 -9777
-18 -13504
110 -15808
110 -16320
110 -16832
110 -17855
238 -18112
110 -17600
111 -16689
-18 -15808
111 -14656
110 -13745
-18 -12223
239 -10304
367 -7231
238 -3520
97 207
-31 2766
-160 4161
225 6337
224 10560
97 14528
97 15567
-32 16192
97 17600
96 18767
-31 19406
-159 18383
-32 16975
-31 15567
-32 14927
-31 14528
97 13505
224 10817
225 6336
353 1231
-17 -3122
-145 -6449
-18 -9408
110 -13248
110 -17841
-18 -20657
-18 -21184
111 -21568
111 -22065
-18 -21696
111 -20032
110 -17600
110 -15040
110 -12722
-146 -10418
-146 -8640
110 -6592
111 -4145
-17 -1344
96 1359
-32 2624
96 2881
224 3919
-32 6720
97 9664
96 10817
225 11200
96 12096
96 13120
96 13377
224 12865
225 11712
97 9920
97 8897
225 8128
97 7104
96 5440
97 3265
225 448
110 -1984
111 -3904
111 -5696
110 -8881
-17 -13375
238 -16576
111 -17728
111 -18482
-146 -19392
110 -19904
111 -19775
238 -19391
238 -18609
-18 -17855
238 -17087
238 -15551
238 -13233
-18 -9408
111 -4927
238 -703
224 2369
225 4289
225 6351
-32 10048
97 13761
225 15055
-32 15438
-160 15695
-31 15809
225 15296
353 14031
-31 11727
-288 9039
-31 7118
-160 5440
97 3265
225 705
238 -2240
111 -5696
111 -8512
111 -10289
-18 -11185
-18 -13489
-17 -17457
-18 -20146
-146 -20928
111 -22080
111 -23360
110 -24241
-17 -24128
110 -23232
111 -22080
111 -21311
239 -20786
-146 -19633
-17 -17713
-18 -14513
-18 -10929
-18 -7104
111 -4672
110 -3008
111 -1600
97 2241
224 6720
96 9025
225 10177
225 11456
97 12480
96 12879
-31 11712
96 9295
-32 6720
97 4545
225 2497
225 449
239 -2097
-18 -6080
110 -10417
-18 -13490
-146 -15281
-17 -16448
111 -18496
111 -22065
-17 -24128
111 -24128
111 -23871
239 -24128
111 -23871
239 -23104
111 -22591
238 -21169
-18 -19889
-18 -19136
110 -18112
111 -16192
110 -13503
238 -10176
111 -6449
-17 -3904
110 -2751
238 -960
96 2383
-32 6465
225 8385
224 9281
224 10575
-32 11840
97 12224
353 11969
225 10689
224 8769
224 7745
224 6720
97 5056
96 2383
-17 -1344
111 -5681
-17 -9266
-146 -11442
-145 -13105
-17 -15921
-17 -20529
-273 -24113
-273 -25393
-18 -25791
238 -26816
111 -27712
111 -27697
-18 -27058
-146 -26033
-17 -24881
-18 -23985
-17 -22577
-18 -20657
-17 -17457
-18 -12978
-146 -8369
-18 -5041
-18 -3250
-146 -1201
-32 3151
-32 8015
-288 10318
-159 10703
-288 11087
-31 11712
96 11328
96 9807
-32 7503
-32 4161
225 1216
96 833
225 2241
224 1600
110 -1713
-17 -5184
110 -8640
110 -10944
110 -11697
-18 -13490
-145 -17472
111 -20800
111 -21312
110 -21695
238 -22449
-18 -23473
-273 -23345
-18 -21682
-146 -20401
-17 -19505
-18 -19136
111 -18239
238 -16832
110 -13760
111 -9279
239 -4415
239 -575
225 1984
97 4289
480 9024
97 14784
97 18638
-160 19279
-287 19407
-31 19919
-31 19137
225 16577
224 12865
224 9025
225 6080
97 4046
-160 1871
-18 -1215
238 -4799
238 -8896
111 -12864
111 -14897
-18 -15808
110 -18111
239 -22592
111 -26687
239 -27968
110 -28863
238 -29887
239 -31026
-145 -31026
-146 -29888
111 -27697
-18 -25521
-18 -23729
-18 -21440
111 -18239
238 -14272
110 -9137
-18 -2994
-160 1359
-32 3663
-31 5057
224 8513
225 13248
96 15680
97 15311
-32 15424
97 15823
-32 15680
97 14784
96 12864
96 10561
224 9294
-160 8015
-288 5454
-159 2240
111 -1600
111 -5952
111 -10304
110 -13247
239 -15167
239 -17728
111 -22592
366 -26545
-17 -27712
111 -27967
238 -28593
-18 -28850
-145 -28480
110 -27583
238 -25792
111 -23871
238 -21952
111 -19775
238 -17087
239 -13119
239 -7999
238 -2496
96 2112
96 4928
97 7119
-31 10944
97 16320
97 19407
-31 19918
-159 20687
-31 21184
97 20928
96 19520
96 17472
352 14912
97 12736
353 10688
353 8896
352 6464
352 2624
367 -2111
239 -6463
239 -9279
238 -10943
238 -13248
367 -17472
111 -21824
367 -23872
366 -24511
495 -25407
494 -26303
751 -26432
622 -25792
878 -24256
878 -22719
751 -21823
751 -20544
879 -18240
879 -14399
1007 -9791
1006 -4543
1007 -576
1121 1984
1376 3648
1376 7233
1505 12481
1505 16065
1505 16832
1633 17857
2017 18625
2017 19136
2401 17857
2528 15680
2656 12864
2912 10049
3041 7873
3297 5569
3808 2112
3950 -2239
4079 -7488
4462 -12992
4462 -17088
4719 -19775
5103 -22591
5614 -27839
6124 -33727
6380 -37056
6765 -38720
7277 -41024
7788 -43712
8301 -45631
8940 -46528
9325 -46911
9964 -47296
10861 -48192
11372 -49344
12141 -49983
12781 -49216
13677 -47679
14573 -45375
15596 -43712
16749 -44352
17517 -45632
18541 -45631
19692 -43455
20972 -42944
22125 -45375
23532 -48319
24813 -51520
26476 -54976
28013 -59968
29806 -66496
31598 -73918
33391 -81214
35183 -88125
37358 -95677
39405 -104253
41709 -114749
44012 -126141
46575 -137789
49134 -148414
51822 -158141
54509 -168254
57453 -180542
60525 -194109
63982 -205247
67311 -215103
70639 -226111
74477 -237376
78188 -248511
82156 -259263
86255 -269887
90862 -280767
95470 -293053
100333 -305214
105068 -317374
109935 -328765
115439 -339773
120814 -350654
126828 -362944
132716 -377791
138734 -393663
145134 -409024
151919 -422975
158700 -438717
165868 -457918
173167 -478270
180589 -499005
188652 -520896
196719 -545087
205037 -571456
213871 -599359
222701 -628029
231918 -656829
241390 -686782
251244 -718269
261614 -752063
271855 -787520
282477 -824127
293615 -859966
305004 -894653
316398 -930239
328173 -968255
340462 -1007808
353132 -1045950
366188 -1083070
379246 -1121981
392684 -1161920
406638 -1201856
420717 -1241918
434797 -1282622
449391 -1324096
464492 -1366720
479853 -1411134
495470 -1455805
511469 -1500223
527597 -1544768
543854 -1589438
560748 -1635261
577772 -1683135
594927 -1732672
612462 -1781693
629996 -1829310
648044 -1878463
666350 -1930944
684654 -1984190
703087 -2037824
721772 -2091967
740589 -2147645
759788 -2204605
778989 -2263104
798319 -2321472
817774 -2379965
837359 -2439488
856943 -2499903
876527 -2561854
896366 -2624445
915950 -2687680
935788 -2749886
955501 -2810941
975084 -2871744
994925 -2934079
1014509 -2997309
1033708 -3058368
1053036 -3116991
1072111 -3174973
1091054 -3232958
1109615 -3289664
1128046 -3344831
1146349 -3398462
1164140 -3451072
1181806 -3503040
1198958 -3553726
1215852 -3603133
1232364 -3649983
1248494 -3694784
1264238 -3737534
1278829 -3778878
1293422 -3820221
1307628 -3860928
1321070 -3899072
1333614 -3933373
1345773 -3966525
1357294 -4000190
1368173 -4033088
1378415 -4063808
1387630 -4092608
1396077 -4120128
1403758 -4146621
1410797 -4171581
1416941 -4193598
1422191 -4212797
1426412 -4229565
1429740 -4244414
1431917 -4257086
1433455 -4267838
1433967 -4276286
1433711 -4280381
1432047 -4279869
1428974 -4275902
1425519 -4270654
1420911 -4263485
1414893 -4250944
1407852 -4232895
1399791 -4211520
1390444 -4187072
1380206 -4158909
1368556 -4126910
1355630 -4090816
1341805 -4051008
1326958 -4007872
1310831 -3961149
1293548 -3910847
1275116 -3856320
1255532 -3796926
1235053 -3733565
1212908 -3666624
1189997 -3597630
1166188 -3527103
1141229 -3451968
1114990 -3371198
1087854 -3287744
1059693 -3203902
1030508 -3117760
1000046 -3028669
968685 -2936895
936687 -2842941
903660 -2747327
869615 -2649662
834669 -2549823
798959 -2446653
762605 -2341184
725358 -2234047
687598 -2125501
648685 -2015296
609391 -1903934
569455 -1790015
528621 -1672256
487533 -1551933
445933 -1432128
403566 -1312446
360815 -1189182
317550 -1062079
274415 -934205
230638 -805054
186479 -674623
142318 -542399
97775 -408381
52975 -273215
8174 -137396
-36753 -1073
-81440 135245
-125728 272205
-170015 409039
-214048 545613
-257567 680140
-300703 809422
-343455 937165
-385824 1065804
-427935 1196239
-469279 1325005
-509984 1450062
-550301 1572047
-590110 1692236
-629406 1810766
-667807 1926348
-705696 2039119
-742685 2149068
-779167 2257359
-814624 2364492
-849309 2469582
-883360 2571852
-916638 2670926
-948895 2766796
-980125 2859214
-1010592 2949453
-1040160 3038287
-1068318 3124300
-1095582 3205710
-1121951 3282124
-1147552 3356493
-1171743 3430095
-1194784 3500876
-1217184 3567949
-1238047 3632079
-1258015 3693774
-1276832 3752781
-1294623 3808975
-1311262 3861839
-1326621 3911375
-1340704 3958349
-1354016 4002893
-1366302 4044879
-1377055 4084686
-1386910 4121679
-1395743 4153806
-1403293 4181452
-1409695 4206285
-1415198 4229964
-1419678 4250444
-1423008 4265037
-1425184 4275021
-1426207 4281805
-1426463 4285900
-1425567 4286157
-1423647 4281805
-1421088 4273741
-1417247 4262860
-1412765 4249551
-1407262 4233295
-1400863 4213711
-1393950 4191055
-1386014 4164430
-1377183 4135117
-1367838 4104781
-1357599 4073932
-1346718 4041550
-1334688 4005710
-1322653 3966413
-1309725 3926221
-1295904 3886668
-1282206 3845711
-1267487 3802575
-1252383 3758540
-1236638 3713613
-1220893 3667919
-1204256 3621454
-1187485 3573453
-1170205 3523533
-1152797 3473358
-1135007 3423438
-1116831 3373517
-1098526 3323471
-1080093 3273423
-1061408 3221325
-1041952 3167309
-1023007 3112911
-1004061 3059919
-984350 3007821
-964896 2952782
-945568 2895695
-925984 2838860
-906400 2782028
-886942 2723919
-867358 2664525
-847901 2604493
-828446 2544207
-809245 2484431
-790048 2425164
-770975 2365646
-752032 2305359
-732959 2244556
-714144 2182989
-695839 2122702
-677535 2064334
-659101 2007501
-641310 1950541
-623645 1892046
-606365 1834701
-589088 1781325
-571935 1729231
-555037 1677006
-538525 1626316
-522399 1577420
-506271 1530063
-490526 1484111
-475166 1438798
-459936 1394253
-445213 1350861
-430622 1309007
-416544 1268303
-402718 1230925
-389152 1195596
-375709 1159373
-362784 1122383
-349982 1086030
-337568 1052749
-325661 1020877
-314144 987725
-302366 953423
-291104 920142
-280477 887758
-269728 855629
-259614 823116
-249760 790605
-239902 758605
-230431 728271
-221213 698575
-212511 669135
-204062 639820
-195743 610509
-187677 581324
-179872 553292
-172191 527820
-165021 504015
-157983 479951
-151070 454479
-144413 430799
-138271 410318
-132253 391373
-126238 372556
-120736 354637
-115231 338124
-109981 322764
-105117 308172
-100000 294223
-95520 280910
-91039 268494
-86429 257230
-82334 247630
-78493 239566
-74653 232654
-71072 225358
-67487 216780
-64159 208332
-60831 202444
-57760 198221
-55069 192460
-52382 184909
-49437 177357
-46878 170573
-44575 163277
-42527 155341
-39968 146509
-37920 137548
-35997 129484
-33950 121678
-32157 114127
-30494 105807
-28704 96846
-27040 86863
-25632 77903
-24352 70990
-22942 65358
-21662 58958
-20381 50638
-19614 43342
-18334 38991
-17181 35791
-16160 32079
-15135 28367
-14367 25295
-13343 22735
-12832 21326
-11935 20174
-11167 18638
-10400 17743
-10016 17742
-9376 19022
-8863 21454
-8095 24526
-7584 26958
-7328 28238
-6815 28879
-6175 31950
-5790 36431
-5405 38863
-5405 38862
-5021 38606
-4509 39119
-4382 38991
-4126 37455
-3869 35022
-3487 32206
-3488 29519
-3103 27343
-2847 24015
-2591 20430
-2719 15567
-2336 9806
-1952 4687
-1823 1487
-2066 -433
-1810 -3505
-1809 -8497
-1809 -13105
-1553 -14897
-1553 -15154
-1425 -16177
-1297 -16689
-1041 -16690
-913 -15922
-914 -14770
-914 -13745
-785 -13617
-785 -12849
-786 -10674
-658 -7601
-530 -3249
-543 1743
-287 5327
-287 7119
-544 8783
-288 12366
-415 17871
-288 21583
-288 22606
-415 23246
-415 24782
-159 25295
-288 24143
-287 22223
-32 19791
-31 17870
-159 15822
-416 14159
-287 11470
-160 7246
-415 2511
-273 -2610
-146 -6322
-146 -8626
-146 -11953
-18 -17586
-146 -22961
-274 -25266
-146 -25777
-18 -26802
-145 -28209
-18 -28337
-18 -28337
-18 -28338
-146 -28081
-274 -27825
-17 -27185
-18 -25265
-18 -21696
110 -16832
111 -11583
239 -7488
110 -4273
-18 -1714
-160 2383
-31 8398
-160 12864
96 14912
97 16833
225 19407
-32 20814
-160 20544
97 19392
97 17344
96 15169
225 12736
97 9679
-32 6735
-32 3663
-18 -434
-146 -4273
-17 -6706
-145 -8753
-18 -10930
-146 -15281
-17 -19761
-18 -21952
110 -22705
-18 -24242
-146 -26304
111 -27200
111 -26418
-146 -24497
-18 -22976
110 -21952
110 -20401
-17 -17984
111 -14400
111 -9777
-274 -4032
96 833
225 3521
225 5313
224 9039
-31 14543
-31 18127
-31 18895
-32 19265
225 19904
96 19534
-159 18126
-160 15937
225 13263
-32 11087
-32 10048
97 8384
97 6081
224 2624
110 -1216
110 -5809
-18 -8626
-145 -10034
-146 -11954
-145 -15665
-17 -20017
-17 -21809
-17 -22321
-17 -23089
-18 -23985
-18 -24497
-18 -23985
-17 -23089
-17 -22079
238 -21440
110 -20160
110 -18112
111 -14656
111 -10048
111 -4415
224 320
96 3407
-31 5568
96 9024
97 14528
96 18496
97 19904
96 20815
-32 22080
96 22862
-159 21952
97 20431
-31 18127
-31 16078
-159 14542
-160 13120
97 10688
97 7375
-32 3392
110 -448
111 -3392
111 -5183
239 -7232
111 -11328
111 -16433
-17 -19249
-273 -19761
-18 -21169
-18 -22464
110 -23231
239 -22848
111 -22066
-146 -21184
110 -20927
238 -20415
494 -18880
367 -15935
238 -11697
-18 -6577
-18 -1713
-32 1600
97 3520
96 6735
-32 12367
-31 17359
-31 19392
97 20416
96 21312
97 22222
-159 21711
-31 20161
225 18127
-31 16064
96 14400
97 12736
352 10560
96 6991
-31 2496
110 -2240
111 -5696
111 -7743
239 -9536
110 -13504
111 -18481
-18 -21440
111 -22335
239 -22847
239 -23616
110 -23985
-18 -23217
-17 -21056
110 -19121
-17 -17713
-18 -16049
-18 -13490
-146 -10674
-146 -6592
110 -1472
97 3520
97 6336
97 8128
96 11087
-32 15951
-31 20175
-32 21838
-159 22223
-31 23503
-31 24527
-32 23887
-32 22593
224 20033
224 17729
225 16065
224 14401
225 11983
-31 8640
97 4544
111 -305
-18 -4017
-17 -5938
-145 -7473
-17 -11072
111 -15680
367 -18496
111 -19008
111 -20017
-17 -21810
-145 -22321
-17 -21810
-146 -21184
110 -20159
239 -19249
-17 -18225
-18 -16305
-17 -13873
-18 -9906
-145 -5169
-17 -576
96 2113
225 4032
97 6848
96 11840
96 16462
-159 18624
96 19777
225 21184
97 22209
224 22336
97 21185
224 19264
97 17103
-31 15566
-160 13646
-159 11215
-32 8015
-31 4288
111 -305
-17 -3904
110 -5823
239 -7488
110 -10944
111 -15679
238 -18623
238 -19136
111 -20032
111 -21568
110 -22464
111 -21823
238 -20672
111 -19250
-401 -17969
-273 -16704
110 -14784
111 -11583
239 -7743
239 -2865
-32 2127
-31 5057
225 6863
-32 9024
97 13504
96 17984
97 19648
97 19904
96 20545
224 21313
225 20943
-31 19663
-31 17359
-32 15424
97 14272
96 12608
352 10817
224 7488
97 3264
110 -1984
110 -5824
111 -7985
-18 -10175
238 -13759
238 -18353
-17 -21554
-145 -21810
-146 -22194
-145 -22834
-146 -23473
-18 -23487
239 -22335
238 -20672
110 -19633
-18 -18624
110 -17087
239 -14655
238 -10687
239 -5951
239 -1088
97 1999
-32 3904
96 6208
96 10831
-31 15808
96 17984
96 18497
224 19776
97 20943
-31 21199
-31 20430
-159 18639
-32 16705
225 15311
-31 13775
-32 11599
-32 8512
96 4160
110 -704
110 -4800
111 -7217
-18 -8625
-18 -11712
110 -17073
-17 -20288
110 -20928
110 -21440
110 -22464
111 -23104
110 -22193
-17 -21312
110 -19377
-17 -17983
238 -16832
111 -14912
111 -11839
239 -7999
239 -2879
224 2369
225 5824
96 7502
-159 9665
224 14144
353 18880
353 20673
224 21312
96 21825
224 22848
96 22863
-31 21953
225 19393
225 16833
225 15297
225 13761
224 11840
97 8399
-31 3777
239 -1329
-18 -5568
111 -8241
-18 -9905
-274 -12735
238 -17344
110 -20928
367 -21567
239 -21567
238 -22449
-18 -23473
-18 -23232
110 -22193
-18 -20928
111 -19775
238 -19136
366 -17599
239 -15168
110 -11712
111 -6961
-18 -1969
-31 1472
96 3392
97 5313
480 9537
224 14401
225 17088
353 18127
-32 19279
-32 21056
96 21568
96 20544
97 18895
-31 16832
96 15183
-32 13632
96 11585
225 8143
-32 3919
-273 -817
-18 -5056
110 -7360
111 -9280
111 -12081
-17 -17216
111 -21297
-17 -22592
111 -23360
111 -24640
366 -25536
110 -25536
111 -24128
110 -22463
239 -20799
238 -19648
111 -17970
-145 -15424
110 -11441
-17 -6464
110 -945
-31 2767
-31 5057
225 7105
225 11200
96 16192
96 19264
96 19791
-32 20815
-31 21455
-31 21455
-31 20160
97 18112
352 15680
96 13632
96 11841
225 9920
97 6849
224 2880
110 -1728
367 -6208
110 -8895
239 -10304
111 -13120
111 -17458
-145 -21297
-18 -22720
110 -23231
238 -24255
238 -25279
239 -25151
239 -24369
-17 -23360
110 -22193
-17 -21311
239 -19775
238 -17600
110 -14257
-18 -9920
111 -4671
239 -832
96 1359
-31 3520
96 8000
97 13504
96 16704
353 17856
97 18880
97 20417
480 20801
224 19776
96 17472
97 15054
-159 13263
-288 11599
-31 9422
-160 6735
-31 2766
-146 -1984
111 -6463
238 -9664
367 -11584
367 -14399
238 -19136
110 -23487
239 -24896
111 -25152
110 -26048
111 -26943
238 -26559
238 -25521
-17 -23601
-17 -21809
-17 -20544
111 -18496
111 -16192
367 -12337
-17 -7232
110 -1728
96 2383
-32 4672
96 6464
97 10176
97 15823
-32 19279
-31 19919
-31 20943
-32 22336
96 22592
352 21825
225 19904
96 17230
-159 15311
-32 13632
96 12097
225 9664
97 6095
-31 975
-17 -3377
-17 -5937
-17 -6976
110 -9394
-146 -14257
-18 -19121
-17 -20800
110 -21440
111 -22577
-17 -23616
110 -23744
111 -22592
111 -21056
110 -19633
-274 -18353
-17 -16960
110 -14514
-145 -10802
-146 -6335
238 -1216
353 2752
353 5056
97 6592
97 10191
-31 15311
-287 18638
-159 19407
-31 20416
97 21967
-32 22351
-32 21839
-32 20289
224 17985
225 16320
97 15040
96 13647
-32 11087
-31 7119
-32 2624
111 -1842
-146 -4800
111 -6720
367 -9279
239 -13888
367 -18496
366 -20416
111 -20799
238 -21681
-18 -22705
-18 -22976
111 -22336
110 -20657
-18 -19121
-18 -18112
111 -16448
367 -14143
238 -10944
110 -6591
238 -1472
96 2638
-160 4943
-32 6479
-32 10304
96 15424
96 19022
-160 19776
96 20288
97 21697
225 22464
96 21825
225 20160
96 17729
224 15680
97 14017
224 12367
-31 10191
-32 6223
-32 1600
110 -3008
111 -6208
111 -7985
-17 -10048
111 -14385
-274 -18866
-146 -20672
111 -21056
110 -21952
110 -22976
110 -23488
111 -22591
239 -21055
238 -19648
110 -18865
-273 -17201
-18 -15296
110 -12224
110 -7872
110 -3008
97 1472
96 3904
96 5952
96 9792
96 15183
-32 19278
-159 20430
-159 20943
-31 22208
97 22991
-31 22464
96 21056
96 18767
-32 16719
-31 15296
97 13761
225 11215
-32 7247
-288 2638
-145 -2112
111 -5440
110 -7359
239 -9279
238 -13247
238 -17600
110 -19903
239 -20288
367 -21056
110 -21952
111 -22321
-18 -21681
-18 -20672
110 -19136
110 -18367
239 -16960
110 -14513
-18 -11199
239 -7488
111 -2610
-159 1729
224 4417
225 6337
224 9793
224 15168
97 19392
96 20559
-32 21312
96 22592
96 23118
-159 22735
-31 21441
225 18881
225 16832
97 15296
96 13632
96 10831
-32 7233
224 2639
-17 -2354
-145 -5696
110 -7616
367 -9536
111 -13376
110 -18111
239 -20544
110 -20927
239 -21297
-17 -22065
-17 -22592
110 -22207
238 -20928
111 -19505
-17 -18495
239 -17215
238 -15537
-17 -12864
111 -8768
110 -3519
225 1217
224 3905
225 5825
225 8896
96 14400
96 19008
97 20928
96 21568
96 22863
-31 23759
-31 23503
-31 22223
-32 19791
-31 17600
97 16064
96 14401
224 11840
97 8384
97 3776
110 -945
-18 -4800
110 -6833
-18 -8639
238 -12992
110 -18097
-18 -20671
238 -20928
366 -21695
239 -22839
