110 -3264
97 192
96 2625
224 3919
-31 5582
-159 9423
-32 12878
-160 14671
-31 15310
-159 16079
-31 16847
-32 16448
96 15439
-31 14016
96 13120
97 11969
224 10560
97 8640
96 6223
-31 3264
111 -49
-17 -2866
-146 -4274
-145 -5426
-145 -8241
-18 -11697
-18 -14016
111 -14897
-18 -15537
-17 -16191
239 -16447
238 -16063
238 -15296
366 -14769
-17 -14144
111 -13632
111 -12338
-146 -10162
-146 -7360
110 -3776
110 -192
96 2112
97 3265
225 5313
480 9025
225 12736
97 14529
225 15041
225 15808
352 16449
225 16321
225 15809
225 14528
97 12992
96 11840
96 10575
-31 8896
97 6337
224 3393
225 192
110 -2496
110 -4544
110 -5568
111 -7744
366 -11455
238 -14015
238 -14527
239 -15167
239 -16191
238 -16832
367 -16447
238 -15552
110 -14784
111 -14129
-18 -13490
-146 -12224
110 -10417
-18 -7615
239 -3904
111 -561
-31 1984
96 3406
-159 5312
96 8527
-31 12239
-31 14287
-32 14927
-31 16079
-31 16847
-32 16448
97 15553
224 14415
-32 13390
-160 12352
97 10944
96 9280
96 6721
225 4033
224 320
111 -2624
111 -4159
238 -5567
239 -8000
111 -11328
110 -13759
238 -14783
239 -15168
110 -15808
111 -16178
-145 -16192
110 -15552
366 -14783
238 -14272
367 -13631
239 -12337
-17 -10304
111 -7744
111 -4159
238 -703
225 1743
-32 3392
96 5185
224 8257
224 12096
97 14273
224 14657
225 15553
225 16577
225 16577
225 15552
97 14287
-32 12878
-160 11840
96 10816
97 9423
-32 6977
224 4161
224 833
238 -2239
238 -4288
111 -5439
239 -7487
239 -11072
110 -13760
367 -14656
367 -15423
239 -15935
239 -16448
111 -15921
-17 -15423
239 -14897
-18 -14514
-146 -13760
111 -12351
239 -10303
238 -7872
110 -4529
-18 -945
-31 1728
96 3136
96 4687
-32 7759
-31 11968
97 14016
97 14784
96 15680
96 16961
225 16833
225 16079
-31 14799
-32 13647
-31 12239
-32 10816
97 9422
-160 7488
97 4288
96 832
111 -2112
110 -4031
239 -5440
110 -7089
-18 -10417
-17 -13617
-18 -14769
-18 -15025
-273 -15936
111 -16192
111 -15935
239 -15167
239 -14655
238 -14016
110 -13489
-18 -12465
-18 -10944
111 -8241
-18 -4785
-17 -1073
-31 1487
-31 3023
-32 4416
96 7488
96 11585
225 14017
225 14529
225 15296
96 16463
-31 16576
97 16064
97 14799
-32 13391
-32 12111
-31 10944
96 9537
225 7616
353 4545
225 1231
-18 -1727
239 -3903
238 -5312
110 -7089
-17 -10303
238 -13504
110 -14513
-18 -14770
-146 -15793
-17 -16447
238 -16320
111 -15665
-17 -14912
111 -14129
-18 -13503
239 -12607
239 -11057
-17 -8255
238 -4799
238 -1201
-31 1487
-31 3009
225 4289
224 7502
-159 11726
-160 14145
224 15169
225 15823
-31 16847
-32 16960
96 16206
-160 14671
-32 13376
97 12239
-31 11215
-32 9806
-160 7233
225 4801
225 1728
110 -1472
110 -3761
-17 -5184
110 -6577
-17 -10033
-17 -13120
111 -14399
238 -15040
110 -15793
-17 -16448
111 -15936
111 -15665
-17 -15153
-17 -14385
-18 -13489
-17 -12849
-18 -11200
111 -8497
-18 -5312
111 -1855
224 1088
96 2894
-160 4431
-32 7488
97 11457
224 13889
224 14912
96 15695
-31 16577
224 16704
97 16065
225 15040
96 13377
224 12097
224 11072
96 9807
-31 7617
224 4673
225 1472
110 -1472
111 -3633
-18 -5056
111 -6719
239 -9792
110 -12977
-17 -14385
-18 -15025
-17 -15666
-145 -16191
239 -16192
110 -15537
-18 -14769
-18 -14528
110 -13746
-146 -12722
-146 -11200
111 -8767
239 -5696
367 -2112
96 832
97 2753
224 4161
225 6849
481 10689
225 13504
96 14656
97 15552
96 16448
96 16705
225 16321
224 14913
225 13760
96 12622
-160 11599
-32 10304
97 7887
-31 5071
-31 1999
-18 -1201
-17 -3377
-18 -4529
-18 -6322
-145 -9536
111 -13106
-145 -14385
-274 -14770
-146 -15537
-17 -16192
111 -16177
-17 -15921
-17 -15168
111 -14385
-18 -13745
-17 -12864
110 -11455
238 -9137
-18 -6066
-145 -2097
-31 1217
224 3137
225 4047
-32 6720
97 10689
224 13632
97 14799
-32 15439
-32 16192
96 16704
96 16449
224 15424
353 14016
97 12737
224 11585
224 10305
225 8128
353 5313
224 2369
238 -960
111 -3392
111 -4415
239 -6193
-17 -9265
-18 -12721
-17 -14641
-18 -15039
239 -15679
239 -16192
111 -16447
239 -15935
238 -15025
-17 -14656
111 -13888
111 -12849
-18 -11442
-145 -8754
-146 -5810
-145 -2367
225 719
-32 2624
96 3905
224 6208
96 10304
96 13888
96 14671
-287 15552
97 16320
96 16719
-32 16463
-31 15296
97 14031
-32 12622
-159 11727
-31 10432
97 8385
224 5952
97 2752
367 -575
239 -3136
110 -4785
-17 -6193
-18 -8896
367 -12607
238 -14271
238 -14783
239 -15423
239 -16433
-18 -16562
-146 -15793
-17 -15168
111 -14655
238 -14257
-18 -13234
-146 -11712
366 -9407
238 -6335
238 -3008
97 192
97 2241
224 3663
-31 5839
-32 9551
-31 13263
-32 14656
96 15439
-31 16335
-31 16847
-31 16320
96 15424
97 14287
-32 12878
-160 11841
225 10432
97 8640
96 6223
-32 3136
110 -447
239 -2865
-17 -4416
110 -5823
238 -8640
111 -12096
367 -14129
-17 -14399
239 -15167
239 -16192
110 -16575
239 -16191
494 -15296
110 -14513
-17 -13874
-145 -13105
-18 -11953
-17 -9521
-17 -6705
-18 -3249
-17 -64
97 2240
353 3521
224 5697
225 9678
-160 13134
-159 14528
96 15183
-32 15936
96 16705
225 16591
-31 15567
-32 14400
97 12992
96 11840
96 10560
97 8896
96 6208
96 3136
111 -319
239 -2865
-17 -4416
111 -5695
238 -8384
366 -12224
366 -14271
238 -14769
-18 -15552
111 -16192
110 -16575
238 -16064
367 -15424
111 -14656
110 -14015
238 -13247
239 -11825
-18 -9906
-145 -6976
111 -3392
97 192
96 2127
-31 3521
224 5952
96 9537
225 13007
-31 14528
97 15297
224 16192
97 16847
-32 16704
97 15808
97 14273
225 12993
225 11983
-32 10574
-160 9039
-32 6479
-287 3279
-288 78
-146 -2737
-18 -4288
110 -5824
367 -8255
238 -11697
-17 -13888
110 -14783
238 -15296
367 -15921
-18 -16306
-146 -15808
111 -15153
-18 -14527
239 -13887
239 -13119
239 -12352
366 -10175
239 -6976
110 -3519
239 -64
97 2496
96 3663
-31 5583
-32 9039
-31 12750
-160 14415
-32 14913
224 15951
-31 16832
96 16704
96 15937
225 14528
97 13263
-32 12111
-31 10688
96 9025
225 6607
-32 3904
96 334
-146 -2482
-145 -4145
-17 -5439
239 -8000
110 -11441
-17 -14143
239 -14911
239 -15409
-273 -16177
-273 -16704
111 -16448
111 -15680
111 -14655
238 -14015
239 -13376
111 -12081
-18 -10176
111 -7488
111 -3889
-18 -447
225 1728
97 3009
224 4929
225 8640
97 12480
96 14144
97 14784
97 15823
-31 16576
97 16833
224 15937
225 14784
96 13376
96 12110
-159 10703
-32 9295
-31 6849
225 4032
96 591
-18 -2239
238 -4031
239 -5440
110 -7616
110 -11199
238 -13745
-17 -14656
111 -15154
-146 -16064
110 -16561
-17 -16177
-17 -15423
238 -14783
238 -14001
-17 -13632
111 -12351
238 -10417
-18 -7360
110 -4017
-17 -561
-31 1984
97 3265
224 4943
-32 8256
97 12224
96 14144
97 14799
-31 15809
225 16577
224 16448
96 15936
96 14656
96 13120
97 12225
225 11200
96 9295
-32 6991
-31 4047
-31 719
-17 -2112
110 -4032
111 -5169
-17 -7473
-17 -11057
-18 -13745
-18 -14770
-145 -15409
-18 -16049
-17 -16434
-146 -16049
-18 -15552
111 -14897
-17 -14400
111 -13631
238 -12480
111 -10545
-17 -7985
-17 -4672
111 -1074
-160 1615
-288 3151
-32 4687
-32 7745
225 11713
225 14272
352 14912
96 15680
96 16463
-32 16704
97 15809
225 14272
352 13120
353 11969
224 11073
224 9537
224 7232
96 4417
224 1089
239 -2112
110 -4031
238 -5055
494 -7104
111 -10559
238 -13503
238 -14513
-18 -15040
110 -15808
110 -16575
238 -16320
111 -15666
-146 -15026
-146 -14272
111 -13888
367 -12608
110 -10929
-18 -8370
-146 -5041
-17 -1600
96 1359
-31 2766
-159 4559
-31 7631
-31 11456
96 13632
97 14528
97 15553
225 16577
224 16704
97 15808
96 14145
225 12993
224 12096
352 10817
224 9536
96 7489
224 4417
224 833
495 -2367
239 -4159
238 -5311
239 -7487
238 -11199
239 -13887
239 -15167
239 -15679
239 -16448
366 -17087
494 -16831
494 -16575
495 -16191
238 -15296
366 -14784
623 -13888
623 -12351
751 -9536
622 -6335
750 -3008
622 -191
737 1217
737 2752
865 5569
992 9280
864 11584
865 12225
992 12608
1121 13504
1376 13633
1248 12609
1505 11200
1632 9536
1376 8001
1760 6720
1888 4929
2017 1985
2286 -1215
2542 -4288
2671 -7999
2542 -10687
2799 -12607
3054 -15040
3438 -19135
3567 -22848
3694 -24767
4078 -26048
4462 -27839
4590 -29376
4974 -30143
5359 -30528
5742 -30912
5998 -30911
6382 -31680
7022 -32192
7279 -31808
7534 -30399
8175 -28735
8943 -26943
9455 -25664
10095 -25663
10735 -26175
11503 -25663
12270 -23487
13039 -22848
13935 -24383
14830 -26304
15727 -27968
16495 -30271
17644 -33727
18669 -37952
19820 -42688
21101 -47424
22380 -52160
23660 -57535
25068 -63936
26479 -70975
28143 -78655
29678 -86720
31598 -93886
33388 -100541
35053 -107581
37101 -116797
39405 -126014
41838 -134077
44270 -141245
46575 -149053
49135 -156989
51693 -164926
54637 -172606
57709 -180541
60652 -188605
63983 -197696
67182 -206271
70638 -214975
74478 -223423
78316 -231360
82285 -239424
86381 -248383
90861 -259135
95470 -270782
100206 -281534
105070 -292285
110061 -304190
115308 -318397
120558 -333502
126574 -349119
132589 -366143
138732 -384704
145006 -404416
151919 -424767
158700 -446142
165743 -468029
173038 -490942
180589 -515133
188398 -540861
196588 -568000
205167 -595519
213740 -622784
222829 -650301
231919 -678973
241389 -709949
251374 -742078
261484 -773055
271855 -804160
282477 -835903
293615 -868669
304877 -901950
316526 -935359
328173 -969536
340590 -1004991
353261 -1041213
366063 -1077821
379119 -1114941
392940 -1151936
406638 -1189312
420716 -1227454
435054 -1266622
449388 -1307584
464749 -1350464
480110 -1392574
495724 -1434301
511469 -1478208
527727 -1524544
544108 -1572286
560493 -1620541
577775 -1669951
594926 -1721279
612334 -1774013
629996 -1827773
647917 -1881664
665965 -1936704
684398 -1992382
703086 -2049216
721774 -2107328
740718 -2166717
759788 -2226365
778988 -2285504
798317 -2344255
817644 -2403518
837229 -2464831
857068 -2526655
876526 -2586813
896238 -2646206
916079 -2705727
935662 -2765245
955631 -2824253
975596 -2882495
994797 -2940480
1014124 -2998205
1033453 -3055679
1052655 -3112511
1071855 -3168573
1091054 -3222718
1109613 -3276095
1127916 -3328192
1146221 -3379773
1164271 -3432000
1181807 -3483712
1198956 -3533501
1215724 -3580606
1232238 -3627456
1248366 -3674816
1263980 -3721405
1278958 -3766973
1293551 -3810878
1307757 -3854143
1320942 -3896511
1333998 -3937470
1345901 -3976509
1357294 -4013245
1368044 -4048063
1378286 -4081599
1387501 -4113983
1396206 -4144576
1403757 -4172862
1410671 -4197694
1416814 -4219069
1421804 -4238013
1426412 -4255677
1429742 -4271550
1432430 -4282814
1433711 -4290109
1434093 -4294206
1433452 -4295614
1431916 -4293310
1429102 -4287166
1425262 -4278206
1420654 -4265662
1414764 -4250047
1407724 -4230591
1399535 -4207679
1390317 -4180031
1380078 -4148414
1368428 -4113342
1355886 -4074943
1341932 -4034239
1326829 -3990589
1310703 -3942717
1293550 -3889856
1275245 -3834175
1255661 -3777085
1234925 -3716926
1213037 -3653184
1190253 -3586877
1166060 -3517887
1140972 -3446720
1114991 -3372094
1087854 -3294655
1059566 -3214014
1029996 -3130047
999662 -3044030
968814 -2955711
936428 -2865085
903406 -2771904
869484 -2674622
834670 -2574272
799085 -2471229
762606 -2366911
725485 -2261056
687213 -2151229
648430 -2038207
609263 -1922877
569325 -1805631
528620 -1685695
487405 -1563709
445420 -1439679
403438 -1314238
360815 -1187390
317807 -1058879
274414 -928446
230511 -796477
186351 -662848
142191 -527680
97900 -391614
53101 -256063
8172 -120500
-36768 16463
-81439 154829
-125984 292172
-170141 426447
-214045 559309
-257565 690380
-300704 816975
-343583 942797
-386079 1068748
-427680 1193551
-469023 1316813
-509982 1438798
-550558 1558862
-590237 1676749
-629279 1792207
-667936 1905485
-705821 2015950
-742815 2125260
-779168 2233934
-815006 2340684
-849823 2444238
-883613 2544333
-916767 2643407
-949021 2741709
-980512 2837326
-1010845 2930380
-1040031 3021007
-1068319 3109068
-1095838 3194191
-1122334 3276108
-1147807 3354829
-1171999 3430862
-1195167 3503564
-1217181 3574477
-1238301 3642574
-1258142 3707726
-1277086 3769676
-1294751 3827151
-1311263 3880398
-1326750 3931215
-1341214 3980109
-1354272 4025420
-1366175 4065487
-1377309 4101327
-1387040 4134222
-1395869 4163279
-1403165 4188365
-1409823 4209356
-1415328 4226637
-1419550 4240717
-1422877 4251597
-1425181 4259533
-1426207 4263885
-1426463 4264141
-1425696 4260941
-1423901 4254669
-1421085 4245964
-1417630 4235341
-1413152 4222286
-1407648 4205647
-1401373 4185550
-1394078 4163663
-1386271 4141007
-1377310 4116044
-1367711 4088268
-1357213 4059084
-1346463 4028367
-1334814 3995726
-1322399 3961293
-1309470 3924813
-1295903 3886540
-1281949 3847119
-1267487 3806927
-1252383 3765964
-1236894 3724109
-1220640 3681102
-1204383 3635407
-1187613 3587532
-1170336 3539020
-1152928 3491406
-1135006 3442767
-1116958 3391308
-1098654 3338063
-1080095 3284175
-1061152 3229773
-1042208 3173453
-1023262 3116366
-1003934 3057999
-984605 2999500
-965277 2941135
-945694 2882126
-926111 2822605
-906527 2762189
-887071 2701006
-867488 2639181
-847903 2578125
-828447 2518223
-809245 2459086
-789918 2398797
-771102 2337614
-752030 2277455
-733214 2219596
-714400 2162764
-695967 2106063
-677407 2049999
-659232 1995853
-641310 1942093
-623389 1888975
-605984 1836620
-588960 1785165
-571935 1734862
-555166 1685839
-538656 1638989
-522272 1593421
-506398 1548622
-490910 1503567
-475423 1458383
-460317 1414605
-445470 1373260
-431007 1332943
-416798 1291343
-402720 1248589
-389152 1209420
-375709 1170636
-362656 1131342
-350110 1092175
-337696 1053261
-325407 1015244
-314013 978381
-302623 942287
-291358 906318
-280480 870991
-269854 835661
-259616 800844
-249757 767437
-239904 736333
-230429 706511
-221471 676047
-212509 645327
-203807 616141
-195616 589900
-187549 564685
-179743 540109
-172318 516428
-165022 494414
-157855 473551
-151069 453326
-144542 433999
-138272 415054
-132256 397389
-126237 381388
-120733 367052
-115359 353740
-109984 341069
-104992 327756
-99997 314318
-95389 301518
-91039 291023
-86560 281679
-82719 270798
-78494 259407
-74782 248654
-71070 238415
-67615 227789
-64031 216524
-60831 205261
-58142 194380
-55197 184524
-52125 174796
-49565 164557
-47136 154444
-44704 143692
-42400 133197
-40221 123597
-37918 115277
-35614 107341
-33822 99150
-31903 90318
-30368 82254
-28831 76238
-27295 70606
-25757 65231
-24350 60238
-22942 56142
-21661 52943
-20509 49870
-19357 46799
-18205 43983
-17182 41806
-16029 40654
-15005 40655
-14110 41294
-13213 42191
-12829 42190
-12189 41423
-11294 40782
-10654 42063
-10014 43855
-9501 44239
-8989 43470
-8350 42575
-7966 41807
-7453 40399
-6942 38222
-6302 35406
-6046 32847
-5663 30671
-5151 28622
-5023 26062
-4768 22606
-4512 18766
-4256 14414
-3743 10703
-3360 8015
-3104 6222
-2975 3278
-2962 -945
-2834 -4274
-2706 -5810
-2450 -7089
-2321 -8497
-2066 -9393
-1810 -9393
-1810 -9393
-1809 -9265
-1554 -8882
-1425 -8497
-1298 -7601
-1298 -6066
-1170 -3762
-913 -561
-1056 2638
-1184 5199
-1055 6863
-1055 8143
-800 11087
-800 14670
-672 16975
-543 17615
-543 18126
-415 19150
-415 19150
-415 18127
-543 16846
-415 15310
-416 14158
-672 13135
-543 11471
-288 9039
-287 6351
-288 3150
-401 -49
-274 -2226
-145 -3377
-274 -5554
-146 -9138
-146 -12210
-146 -13489
-17 -14129
-274 -14770
-402 -15281
-274 -15282
-145 -14642
-145 -13873
-18 -13490
-145 -12849
-18 -11968
111 -10290
-145 -7730
-145 -4159
238 -703
224 2112
96 3919
-32 5198
-160 8015
-288 12111
-31 14798
-160 15439
-32 16206
-160 17231
-32 17472
97 16847
-32 15680
96 14415
-32 13135
-32 11855
-32 10319
-31 8143
-32 5198
-160 1871
-273 -1073
-18 -3250
-146 -4529
-18 -6066
-145 -9778
-146 -12736
110 -14001
-18 -14513
-17 -15168
111 -16192
111 -15936
110 -15295
239 -14641
-18 -14002
-146 -13504
110 -12479
239 -10815
239 -8241
-17 -5169
-18 -1714
-160 1359
-31 3264
96 4686
-159 7374
-159 11200
97 14031
-31 15311
-31 16079
-31 16832
96 16975
-31 16320
96 15182
-159 14286
-159 13263
-32 11840
97 10447
-32 8270
-160 5198
-160 2112
367 -832
367 -3136
111 -4416
111 -5937
-17 -9279
239 -12608
111 -14144
110 -14769
-17 -15410
-145 -16177
-18 -16049
-18 -15551
239 -14912
111 -13873
-17 -13361
-18 -12465
-17 -11071
238 -8640
111 -5425
-18 -1727
224 1344
353 3008
97 4559
-32 7232
96 11087
-31 14017
224 15168
353 15823
-32 16448
96 16974
-160 16719
-32 15425
224 13903
-31 12750
-160 11598
-160 10318
-160 8256
96 5441
225 2240
111 -1087
239 -3136
111 -4416
111 -6208
110 -9393
-17 -12849
-18 -14258
-146 -14770
-146 -15552
110 -16320
110 -16064
110 -15552
110 -14784
111 -13888
111 -13361
-18 -12736
110 -11200
110 -8895
239 -5937
-18 -2239
225 960
352 2624
352 3904
96 6479
-32 10817
224 14144
96 14927
-32 15680
96 16719
-32 17230
-160 16705
225 15297
224 14145
225 12736
97 11712
97 10176
353 8385
225 5825
225 2752
111 -562
-146 -2993
-18 -4530
-146 -5809
-18 -8881
-17 -12337
-17 -14143
238 -14257
-17 -15168
111 -16191
238 -16320
110 -15807
238 -15040
111 -14400
111 -13873
-17 -12849
-18 -11185
-17 -9280
111 -6193
-17 -2623
225 704
96 2880
97 4303
-32 6479
-288 10318
-159 13775
-31 14799
-32 15694
-160 16718
-160 17231
-32 16718
-159 15823
-288 14400
97 13007
-32 11855
-287 10703
-32 8783
-32 5966
-159 2766
-146 -433
-17 -2880
111 -4401
-17 -5682
-145 -8753
-18 -12209
-17 -13887
238 -14528
111 -15153
-17 -15935
239 -16191
239 -15680
111 -14897
-17 -14400
110 -13760
111 -12864
111 -11583
238 -9151
239 -6207
239 -2623
224 577
224 2368
97 4047
-32 6223
-32 10049
225 13248
97 14543
-32 15438
-160 16704
97 17088
97 16576
96 15936
97 14528
97 13263
-32 12110
-160 10575
-288 8513
224 5952
353 3008
110 -433
-17 -2865
-18 -4273
-17 -5696
110 -8384
110 -11968
111 -13887
238 -14513
-17 -15153
-18 -16049
-17 -16192
110 -15807
239 -15153
-18 -14513
-17 -13874
-146 -12977
-18 -11441
-17 -9521
-17 -6450
-146 -2993
-31 448
96 2624
96 3904
97 6081
225 9935
-32 13646
-160 14927
-32 15695
-32 16463
-32 17231
-32 16975
-31 15823
-32 14401
225 13248
96 12097
224 10816
96 9039
-32 6478
-160 3407
-288 78
-146 -2482
-145 -3889
-18 -5312
110 -8128
110 -11968
110 -13760
366 -14527
239 -15153
-17 -15921
-17 -16177
-18 -15793
-18 -15282
-146 -14513
-17 -13873
-17 -13106
-146 -11711
239 -9521
-17 -6976
110 -3505
-32 79
-31 2496
96 3663
-32 5697
224 9537
225 12993
224 14656
96 15438
-159 16079
-31 16832
96 16719
-31 15808
97 14528
97 13263
-32 12367
-31 10945
224 9039
-31 6351
-31 3534
-160 79
-17 -2367
239 -3904
111 -5169
-18 -7857
-17 -11569
-17 -13888
111 -14641
-18 -15296
110 -16064
111 -16433
-17 -15921
-18 -15281
-18 -14528
111 -14143
239 -13361
-18 -11954
-145 -10033
-17 -7474
-145 -3904
110 -191
224 2383
-31 3777
225 5312
96 9038
-160 12879
-31 14528
97 15296
96 15951
-32 16704
97 16576
96 15694
-159 14543
-31 13263
-288 12096
97 10944
96 9281
225 6849
225 3776
97 207
-18 -2239
238 -4032
110 -5312
110 -7872
110 -11456
110 -13760
110 -14513
-18 -15281
-18 -16063
238 -16320
111 -15921
-17 -15409
-17 -14641
-17 -14144
110 -13504
110 -12223
238 -10175
239 -7232
110 -3761
-18 -689
-31 1743
-31 3264
97 5071
-31 8654
-160 12366
-160 14144
352 15168
352 16207
-32 16975
-31 16847
-32 15937
224 14671
-32 13390
-160 12367
-31 10945
225 9152
96 6720
96 3919
-31 719
-17 -2354
-145 -4145
-17 -5170
-145 -7729
-18 -11455
239 -13888
110 -14769
-17 -15153
-17 -15936
111 -16447
238 -16064
110 -15537
-17 -14656
111 -14144
110 -13504
110 -12224
111 -10289
-17 -7743
239 -4401
-18 -703
224 2112
97 3520
96 5198
-159 8399
-32 12097
224 14145
225 14784
96 15695
-32 16704
96 16704
97 16064
96 14912
97 13505
225 12736
96 11328
96 9551
-32 7247
-31 4047
-31 704
111 -2097
-17 -3890
-146 -5055
239 -7231
238 -10687
239 -13105
-18 -14258
-146 -15040
110 -15807
238 -16576
367 -16192
111 -15409
-17 -14400
110 -13760
111 -13631
238 -12480
366 -10687
239 -7729
-18 -4529
-18 -1216
353 1472
352 3136
353 4544
353 7872
352 11841
225 14273
224 14912
352 15937
225 16576
97 16832
96 15936
97 14528
97 13249
225 12224
97 11456
96 9793
225 7104
96 4160
97 1216
110 -1714
-146 -3505
-18 -4785
-274 -7089
-18 -10417
-17 -13105
-18 -14513
-18 -15296
110 -15793
-17 -16177
-17 -15936
110 -15551
239 -14912
110 -14015
238 -13759
239 -12593
-17 -10816
110 -8127
238 -4799
238 -959
225 1729
224 3151
-31 4815
-32 8001
225 11968
352 14401
225 15041
225 16079
-31 16847
-32 16704
96 15937
481 15041
481 13761
224 12608
96 11343
-31 9664
353 7616
97 4801
224 1614
-146 -1472
110 -3520
111 -4928
110 -6848
367 -10304
110 -13233
-18 -14528
110 -15296
110 -16064
110 -16305
-18 -16049
-17 -15666
-145 -14898
-145 -14399
239 -13632
110 -12736
111 -10816
110 -8384
367 -5183
239 -1344
97 1216
96 2880
97 4545
225 7631
-32 11584
97 13760
97 14784
97 15823
-32 16704
97 16591
-32 15936
97 15055
-31 13774
-159 12495
-288 11599
-31 9920
97 7616
96 4687
-32 1615
-17 -1330
-145 -3377
-18 -4544
111 -6450
-146 -10161
-17 -13105
-18 -14271
238 -14783
238 -15537
-18 -16064
110 -16064
367 -15935
239 -15167
238 -14258
-146 -13745
-18 -12721
-18 -10943
238 -8384
111 -5183
239 -1855
225 961
225 2766
-160 4431
-32 7232
96 11073
224 13888
97 14784
96 15681
225 16591
-32 16975
-31 16320
96 15168
96 13632
96 12609
225 11727
-32 10063
-31 7873
225 5056
353 1729
238 -1472
110 -3520
110 -4799
239 -6464
111 -10033
-17 -13361
-18 -14528
110 -14770
-146 -15537
-17 -16177
-18 -16049
-17 -15680
111 -15168
111 -14656
110 -13759
239 -12849
-18 -11185
-18 -8639
239 -5681
-18 -2225
-32 832
96 2895
-31 4303
-31 6849
225 10432
352 13377
224 14656
97 15553
225 16335
-31 16576
97 16335
-31 15296
352 13888
352 12623
-32 11598
-159 10176
97 8128
97 5326
-160 2113
239 -1087
239 -3392
110 -4529
-18 -6065
-17 -9265
-274 -12721
-18 -14257
-18 -14513
-18 -15281
-18 -16320
111 -16433
-17 -15665
-18 -15040
111 -14385
-18 -14016
110 -13248
110 -11711
238 -9151
238 -6079
238 -2481
-32 577
224 2368
96 3904
96 6464
97 10447
-31 13519
-288 14912
97 15823
-31 16591
-31 17088
96 16448
97 15296
97 13775
-31 12494
-160 11599
-31 10191
-32 8256
97 5312
97 2496
110 -960
111 -3121
-17 -4671
238 -6080
111 -9280
111 -12864
111 -14656
110 -15026
-146 -15537
-18 -16575
238 -16305
-18 -15793
-18 -15025
-17 -14385
-17 -13887
239 -13105
-18 -11712
111 -9280
110 -6321
-17 -2623
225 705
225 2766
-160 4175
-31 6337
224 10048
97 13505
224 14671
-31 15552
96 16207
-32 16719
-32 16462
-159 15296
97 14016
97 12737
225 11713
224 10305
225 8384
96 5697
225 2497
239 -832
111 -3135
238 -4288
111 -6207
239 -9024
110 -12465
-18 -14272
110 -15025
-17 -15666
-145 -16192
110 -16576
110 -16049
-18 -15026
-145 -14385
-17 -13888
111 -13106
-145 -11570
-146 -9154
