-17 -2098
-146 -1969
-17 -1329
-17 -818
-146 -945
-17 -1073
-18 -960
110 -704
110 -448
111 -320
111 -64
96 320
97 448
97 463
-31 719
-31 719
-32 1102
-159 975
-32 832
96 832
97 975
-31 1216
96 847
-31 705
225 448
97 193
224 65
224 79
-32 79
-18 -177
-17 -561
-18 -689
-18 -946
-146 -960
110 -1457
-17 -1600
111 -1586
-146 -1458
-145 -1343
238 -959
239 -1074
-146 -1201
-17 -818
-146 -434
-146 -433
-17 -576
111 -576
111 -320
111 -64
96 64
96 321
225 463
-31 463
-32 335
-32 590
-160 1102
-160 1088
97 975
-31 975
-32 591
-287 462
-160 335
-32 335
-32 79
-17 -50
-145 -305
-18 -177
-18 -433
-17 -817
-17 -1073
-17 -1586
-146 -1970
-146 -1984
110 -1984
111 -2097
-17 -2112
111 -2097
-18 -1728
110 -1728
111 -1585
-17 -1344
111 -1330
-145 -817
-273 -817
-17 -561
-18 -433
-18 -177
-17 -50
-160 320
96 576
97 704
96 1088
96 1103
-31 1230
-160 1358
-160 1358
-159 1231
-31 975
-31 1486
-160 1359
-31 1231
-32 832
97 449
225 463
-31 206
-160 79
-18 -192
111 -832
110 -945
-18 -1216
111 -1329
-17 -1585
-18 -1728
111 -1856
111 -1842
-146 -1969
-17 -1856
111 -2097
-18 -1969
-17 -1856
111 -1600
111 -1073
-18 -960
111 -817
-17 -817
-18 -689
-17 -561
-18 -447
239 -63
224 320
96 590
-159 448
96 590
-160 846
-159 960
97 975
-31 975
-32 846
-159 974
-159 974
-416 590
-159 448
96 576
96 320
97 192
97 207
-17 -49
-18 -448
111 -576
110 -960
111 -832
110 -959
238 -1216
110 -1201
-18 -1457
-18 -1458
-145 -1329
-18 -1201
-17 -1329
-17 -817
-18 -448
110 -447
239 -576
110 -448
111 -64
110 -192
96 79
-31 463
-31 718
-159 718
-159 719
-32 847
-32 1103
-31 1216
96 833
224 847
-32 847
-32 832
96 846
-159 719
-287 462
-160 65
238 -177
-17 -306
-145 -63
239 -319
238 -689
-18 -1202
-146 -1457
-18 -1457
-18 -1457
-18 -1728
110 -1984
110 -2240
111 -1841
-18 -1713
-274 -1713
-273 -1585
-273 -1329
-18 -1201
-17 -818
-146 -448
111 -305
-18 -434
-146 -177
-31 192
97 463
-31 974
-159 1216
96 1103
-31 1216
96 1358
-160 1615
-31 1743
-31 1487
-32 1615
-32 1344
96 1103
-31 960
97 704
97 719
-32 576
97 192
110 -177
-17 -320
111 -561
-18 -689
-273 -1073
-274 -1202
-146 -1201
-273 -1329
-17 -1600
111 -1856
111 -1856
111 -1585
-18 -1458
-145 -1600
110 -1201
-17 -818
-145 -818
-146 -945
-17 -831
238 -448
110 -177
-17 -49
-31 207
-287 462
-160 591
-32 335
-32 591
-31 961
225 1231
-31 1231
-31 975
-32 847
-32 832
97 960
96 847
-32 591
-32 591
-31 448
96 334
-159 206
-160 78
-146 -433
-17 -562
-146 -689
-18 -946
-146 -946
-145 -1329
-17 -1585
-18 -1458
-146 -1201
-17 -1586
-146 -1457
-18 -1458
-145 -817
-17 -561
-18 -448
110 -177
-18 -177
-32 64
111 -50
-159 207
-31 718
-159 974
-160 846
-160 847
-32 1102
-159 1231
-287 1231
-31 1230
-160 1103
-32 1102
-160 1102
-160 1103
-32 847
-32 590
-159 462
-159 207
-274 -177
-17 -305
-17 -561
-17 -832
110 -945
-18 -1201
-18 -1457
-18 -1457
-18 -1713
-274 -1984
110 -1969
-18 -1713
-273 -1586
-146 -1457
-18 -1471
239 -1330
-146 -1201
-17 -818
-145 -562
-146 -434
-146 -434
-145 -49
-32 335
-32 591
-32 590
-160 846
-159 974
-159 1231
-31 1231
-32 1359
-31 1486
-160 1358
-159 1231
-31 1230
-159 974
-159 975
-31 975
-32 591
-31 462
-159 207
-18 -177
-18 -178
-146 -433
-17 -576
110 -945
-17 -1073
-17 -1087
239 -1087
238 -1457
-18 -1728
110 -1713
-17 -1600
110 -1713
-18 -1457
-17 -1586
-145 -1329
-17 -832
111 -818
-146 -690
-145 -576
111 -561
-18 -448
97 192
96 320
97 207
-31 193
224 335
-31 719
-31 704
96 847
-32 832
97 719
-31 974
-160 846
-160 591
-32 335
-31 207
-31 193
239 -64
111 -306
-145 -306
-145 -320
111 -817
-18 -1216
111 -1329
-17 -1330
-145 -1585
-18 -1714
-146 -1713
-18 -1714
-146 -1472
111 -1344
110 -1472
110 -1215
238 -960
110 -689
-17 -562
-146 -433
-17 -320
110 -178
-160 64
96 591
-32 832
97 960
353 975
-32 846
-159 975
-31 1231
-31 1231
-31 975
-31 961
225 1216
352 833
224 591
-31 463
-31 463
-32 79
-18 -192
111 -305
-17 -576
110 -703
238 -959
239 -1599
238 -1713
-18 -1728
110 -1727
239 -1841
-18 -1969
-17 -1841
-17 -1841
-18 -1728
110 -1728
110 -1471
239 -1073
-17 -817
-17 -818
-146 -433
-273 -319
239 -319
239 -49
-32 320
97 462
-159 718
-160 846
-160 832
97 960
97 1217
225 1473
225 1473
224 1359
-31 974
-160 847
-32 590
-160 591
-32 591
-31 448
96 320
111 -49
-18 -177
-18 -433
-18 -689
-17 -817
-17 -1073
-18 -1202
-146 -1201
-17 -1600
111 -1585
-18 -1713
-18 -1457
-17 -1600
111 -1599
494 -1471
238 -1201
-18 -945
-17 -817
-18 -448
110 -448
110 -177
-273 -50
-145 -49
-32 320
97 704
97 704
96 576
96 846
-159 719
-32 847
-32 591
-31 718
-159 719
-32 576
97 449
224 335
-31 463
-31 192
110 -177
-18 -177
-18 -447
239 -575
238 -960
111 -1343
239 -1344
111 -1344
110 -1472
111 -1841
-17 -2111
239 -1856
110 -1728
110 -1713
-17 -1600
111 -1073
-17 -1074
-145 -1074
-145 -817
-17 -576
111 -305
-17 -50
-159 206
-159 463
-31 718
-159 974
-159 975
-288 1103
-288 1103
-32 1359
-31 1472
97 1217
224 1344
97 975
-32 1088
97 705
224 591
-32 335
-32 576
96 64
110 -192
111 -576
111 -831
238 -1202
-146 -1201
-17 -1344
366 -1472
110 -1472
110 -1457
-18 -1713
-274 -1457
-18 -1457
-18 -1713
-18 -1713
-18 -1458
-146 -959
239 -831
239 -575
238 -703
238 -433
-17 -305
-17 -49
-32 64
97 449
224 591
-32 590
-159 448
97 704
97 975
-32 1103
-32 846
-159 960
97 975
-31 719
-32 577
225 192
96 335
-31 207
-273 -49
-18 -447
239 -575
238 -704
110 -1216
111 -1600
111 -1585
-18 -1472
111 -1585
-17 -1856
111 -2112
111 -1856
366 -1984
110 -1713
-17 -1585
-18 -1471
239 -1344
111 -1073
-18 -945
-17 -576
111 -575
239 -320
111 -49
-32 64
96 335
-32 591
-31 462
-160 591
-31 975
-31 1231
-31 1231
-31 960
97 975
-31 960
96 832
96 576
97 448
97 448
96 321
239 -63
238 -448
110 -448
111 -562
-146 -945
-18 -1216
110 -1472
110 -1472
111 -1343
238 -1728
111 -2112
110 -2240
111 -1842
-146 -1714
-146 -1713
-17 -1087
238 -960
111 -832
111 -561
-17 -561
-18 -448
111 -561
-18 -192
96 64
96 320
96 335
-32 577
225 704
352 833
225 961
224 1089
224 847
-31 975
-32 1089
225 705
225 718
-160 591
-32 320
97 207
-18 -192
110 -448
111 -576
110 -448
111 -831
238 -960
110 -945
-18 -1215
238 -1216
111 -1585
-18 -1713
-18 -1713
-17 -1586
-146 -1201
-17 -1088
111 -818
-145 -817
-17 -561
-17 -320
110 -177
-17 -49
-17 -49
-17 -49
-32 334
-159 719
-32 847
-32 832
96 847
-31 975
-31 1216
97 1231
-32 1103
-287 1231
-32 1088
96 1102
-159 718
-159 463
-32 335
-31 192
96 64
111 -305
-274 -433
-18 -689
-18 -946
-145 -1329
-17 -1329
-274 -1457
-273 -1330
-146 -1713
-17 -2112
110 -1969
-17 -1841
-18 -1458
-145 -1586
-145 -1329
-18 -946
-146 -689
-17 -561
-18 -447
239 -561
-17 -561
-17 -305
-273 -49
-31 463
-32 591
-31 705
224 576
97 704
96 832
96 1089
225 705
224 832
96 1103
-31 719
-31 719
-31 448
97 193
224 65
239 -49
-18 -177
-18 -704
366 -1215
495 -1344
367 -1856
366 -1984
622 -1728
623 -2112
623 -2623
494 -2751
495 -2879
494 -3007
494 -3008
623 -3136
623 -3392
878 -3263
751 -3135
494 -3007
751 -2879
1007 -2879
1007 -2879
1006 -3007
1007 -3135
1006 -3008
1134 -3008
1134 -3263
1263 -3647
1519 -3903
1518 -3775
1775 -4160
1902 -4800
2158 -5056
2414 -5311
2543 -5951
2542 -6336
2670 -7104
2927 -8256
3182 -9151
3567 -9792
3694 -10688
3695 -11583
4078 -12480
4462 -13760
4718 -15040
5231 -15679
5615 -16959
5870 -18111
6382 -19647
6894 -20928
7278 -22463
7918 -23487
8430 -24768
8814 -26303
9455 -27967
9967 -29503
10735 -31039
11501 -32832
12140 -34752
12909 -36928
13677 -39231
14573 -41535
15341 -44096
16492 -46527
17388 -49087
18669 -52287
19949 -55616
20844 -59071
21997 -62784
23662 -66496
25199 -70975
26863 -75327
28398 -79552
29807 -84543
31471 -89918
33390 -95421
35308 -101053
37357 -107069
39661 -113469
41708 -119998
43885 -127037
46319 -134461
49135 -142141
51951 -150334
54638 -158653
57580 -167358
60781 -176189
63980 -185791
67308 -195775
70895 -205887
74479 -216384
78446 -227520
82284 -239039
86253 -250944
90478 -263360
95086 -276413
100078 -289725
104940 -303805
110060 -318654
115310 -334014
120942 -349886
126829 -366399
132844 -383424
138862 -400832
145519 -419391
151788 -438719
158701 -458557
165871 -479038
173165 -500541
181229 -522558
189039 -545599
196844 -569280
205423 -593727
213998 -619199
222957 -645694
232303 -673085
241900 -700861
251630 -729789
261869 -759616
272238 -790208
282988 -821440
293999 -853821
305389 -887357
317167 -921919
328941 -956991
340975 -992575
353517 -1029437
366575 -1067325
379629 -1105981
393199 -1145664
406894 -1185983
421100 -1227197
435695 -1269309
450542 -1312192
465261 -1356096
480367 -1400894
495983 -1446717
511980 -1493440
527981 -1540671
544494 -1588925
561132 -1637822
578157 -1687615
595181 -1738047
612847 -1789758
630638 -1842109
648429 -1894976
666733 -1948223
685036 -2002622
703599 -2057535
722414 -2113215
741103 -2169405
760301 -2225726
779373 -2282815
798700 -2340544
818284 -2398142
837743 -2456128
857455 -2514752
876911 -2573629
896750 -2632638
916591 -2691391
936173 -2750526
956013 -2809662
975724 -2868672
995180 -2927296
1014636 -2985661
1034223 -3043903
1053423 -3101760
1072494 -3158973
1091310 -3215806
1109869 -3271999
1128429 -3327808
1146476 -3382206
1164398 -3436224
1182062 -3489215
1199086 -3540926
1216108 -3591869
1232876 -3641792
1248623 -3690303
1264111 -3737405
1279468 -3783357
1294063 -3827517
1307887 -3870272
1321069 -3911488
1333614 -3951037
1346029 -3988542
1357678 -4024253
1368300 -4058047
1378031 -4089919
1387757 -4119359
1396462 -4146623
1403885 -4171582
1410926 -4194494
1417070 -4214717
1422060 -4232381
1426412 -4247230
1429868 -4259518
1432431 -4269117
1433582 -4275901
1434094 -4279741
1433839 -4280637
1432047 -4278846
1429103 -4273469
1425646 -4264637
1420780 -4252861
1414893 -4237631
1407727 -4219967
1399535 -4198208
1390189 -4173120
1379695 -4144702
1368173 -4112702
1355630 -4076992
1341805 -4037951
1327084 -3995583
1310958 -3950014
1293420 -3900863
1274861 -3848256
1255277 -3792446
1234540 -3733181
1212911 -3670336
1189996 -3603901
1166061 -3534399
1140973 -3461952
1114733 -3386686
1087342 -3307711
1059311 -3225406
1029996 -3140287
999660 -3052221
968431 -2961215
936428 -2867646
903279 -2771007
869100 -2671805
834543 -2569792
798828 -2465470
762221 -2358592
724847 -2249280
686957 -2137661
648173 -2023487
608495 -1907518
568430 -1789887
527854 -1669824
486509 -1548350
444780 -1424832
402541 -1299775
359916 -1173694
316781 -1046336
273261 -917054
229486 -786622
185196 -655040
140909 -522816
96109 -389694
51309 -255552
6252 -120500
-38815 14798
-83616 150093
-128031 284365
-172576 417871
-216607 550349
-259872 680780
-303007 807631
-345887 933836
-388511 1060557
-430368 1186383
-471328 1311053
-512286 1433934
-552606 1555278
-592286 1674829
-631327 1792207
-669984 1908045
-707613 2021839
-744477 2133196
-780959 2243023
-816669 2350540
-851103 2456268
-885407 2559182
-918429 2660044
-950688 2758989
-981790 2855247
-1011742 2948428
-1041312 3038799
-1069598 3126092
-1096862 3210318
-1123231 3291596
-1148576 3369293
-1172765 3443918
-1195934 3515468
-1217950 3584076
-1238941 3649230
-1258910 3711055
-1277725 3769805
-1295136 3825231
-1311775 3877327
-1327389 3925967
-1341726 3971404
-1354656 4013133
-1366557 4051663
-1377568 4086863
-1387294 4119118
-1396127 4147663
-1403677 4173005
-1410080 4194892
-1415584 4213324
-1420190 4228940
-1423261 4241100
-1425309 4250316
-1426590 4256333
-1426718 4259149
-1425950 4258636
-1424030 4255565
-1421342 4249677
-1417757 4240588
-1413021 4229071
-1407519 4214479
-1401376 4197198
-1394077 4177359
-1386271 4155342
-1377439 4131020
-1367966 4104013
-1357599 4074701
-1346590 4043343
-1335071 4009934
-1322397 3974605
-1309472 3937356
-1296288 3898445
-1282078 3857743
-1267487 3815631
-1252125 3771853
-1236509 3726541
-1220896 3680079
-1204511 3632591
-1187614 3583565
-1170461 3533517
-1152800 3482191
-1134879 3430095
-1116957 3376844
-1098398 3322959
-1079837 3268303
-1061151 3213260
-1042080 3157581
-1023007 3101135
-1003808 3044175
-984350 2987084
-965022 2929999
-945437 2872527
-925981 2814413
-906527 2756044
-886944 2697807
-867359 2639565
-847904 2581069
-828448 2522958
-808862 2464590
-789918 2406221
-770846 2348622
-751774 2291278
-732831 2234061
-714015 2177484
-695455 2121167
-677150 2065230
-659101 2009805
-641053 1955533
-623392 1902158
-605856 1849164
-588448 1796685
-571421 1745102
-554654 1694799
-538144 1644621
-522016 1595213
-506142 1547086
-490398 1499983
-474912 1453647
-459808 1407820
-444829 1362892
-430495 1318862
-416159 1275087
-402206 1232972
-388767 1192909
-375325 1153228
-362397 1114062
-349855 1075919
-337438 1038156
-325023 1001421
-313374 965709
-302111 931022
-290717 896974
-279967 863438
-269470 831309
-259103 799693
-249118 768844
-239263 739020
-229790 710223
-220703 681934
-211869 654543
-203293 628173
-195104 602700
-187037 577741
-179487 553676
-171936 530253
-164382 507471
-157472 485710
-150688 464974
-144030 444750
-137887 425166
-131744 406348
-125598 388685
-120350 371276
-114847 354253
-109599 338125
-104478 322892
-99741 308175
-94752 294223
-90143 280783
-86559 267726
-82334 255310
-78237 242894
-74398 231246
-70815 220367
-67360 209996
-64160 200013
-60702 190284
-57758 180812
-54686 172108
-52127 163789
-49440 155468
-46752 147277
-44319 139724
-41888 132428
-39838 125516
-37789 118988
-35742 112460
-33950 106319
-32029 100559
-30239 94926
-28575 89551
-27168 84558
-25504 79695
-24095 75215
-22816 70735
-21536 66639
-20254 62542
-19102 58702
-17822 55119
-16926 52046
-16029 49358
-15005 46543
-14110 43598
-13213 41423
-12573 39119
-11805 36814
-11165 34767
-10525 32974
-10143 31182
-9632 29519
-8992 27983
-8479 26318
-7839 25039
-7200 23631
-6943 22479
-6432 21070
-6047 20174
-5535 19150
-5280 18254
-4768 17231
-4640 16462
-4511 15310
-4255 14287
-3871 13519
-3615 12495
-3360 11599
-3103 10702
-2975 9934
-2720 9295
-2592 8526
-2463 7630
-2208 6990
-1951 6350
-1952 5710
-1952 4942
-1951 4559
-1568 4175
-1568 3663
-1568 3406
-1440 3151
-1311 3023
-1312 2638
-1184 2382
-1183 2511
-1056 2638
-928 2639
-800 2382
-672 2383
-544 2638
-671 2510
-415 2511
-544 2382
-671 2766
-927 2766
-672 2638
-671 2511
-543 3023
-544 3151
-544 2894
-671 2766
-415 2511
-288 2639
-287 2511
-287 2255
-287 1999
-287 1743
-287 1231
-287 974
-415 974
-416 590
-415 207
-273 -50
-145 -306
-145 -561
-273 -832
111 -817
-18 -946
-145 -1074
-145 -1074
-401 -818
-145 -817
-18 -945
-274 -690
-146 -690
-402 -177
-17 -50
-160 78
-159 207
-287 462
-159 462
-159 718
-416 847
-287 974
-159 1230
-159 1486
-159 1742
-160 1871
-288 1871
-32 1614
-159 1486
-160 1614
-160 1359
-288 1103
-288 847
-31 975
-31 719
-31 718
-160 335
-32 320
110 -177
-274 -434
-145 -576
110 -946
-146 -945
-17 -1073
-18 -1201
-17 -1585
-273 -1585
-274 -1201
-274 -1201
-17 -1330
-146 -1201
-17 -576
111 -320
110 -192
111 -49
-17 -64
111 -64
96 64
97 448
97 718
-160 1102
-159 975
-32 847
-32 1103
-32 1359
-32 1344
97 1230
-159 1230
-159 1472
97 1487
-31 1230
-160 847
-31 704
96 576
97 206
-145 -49
-18 -192
111 -562
-146 -689
-18 -960
110 -1201
-18 -945
-17 -1073
-17 -1344
111 -1600
110 -1457
-18 -1201
-17 -818
-145 -817
-17 -817
-17 -817
-18 -689
-274 -433
-18 -177
-18 -178
-145 -49
-288 79
-287 206
-160 590
-160 847
-31 975
-31 974
-160 1102
-160 1359
-31 1487
-288 1358
-160 847
-31 974
-160 1358
-159 1230
-159 974
-160 590
-160 335
-31 206
-160 65
239 -49
-18 -433
-18 -689
-17 -1073
-17 -1329
-17 -1329
-17 -1600
110 -1457
-17 -1586
-146 -1457
-274 -1458
-145 -1600
110 -1457
-18 -1202
-145 -1074
-145 -1073
-18 -433
-18 -434
-145 -305
-273 -306
-401 -49
-287 207
-31 719
-32 847
-32 846
-160 832
96 1359
-32 1615
-31 1743
-31 1230
-159 1231
-31 1231
-32 1089
224 832
96 590
-160 590
-159 463
-32 79
-18 -178
-146 -434
-146 -433
-18 -689
-18 -690
-145 -832
111 -832
111 -1073
-18 -1457
-17 -1329
-273 -1330
-145 -1074
-145 -1329
-17 -1329
-18 -960
110 -447
238 -433
-18 -448
110 -448
111 -49
-32 64
96 78
-160 335
-32 590
-159 975
-32 832
97 704
96 847
-31 1230
-160 1359
-31 1231
-32 1102
-159 1216
96 1088
96 847
-32 590
-159 448
97 207
-32 64
111 -64
111 -306
-146 -690
-146 -689
-17 -1329
-18 -1457
-273 -1330
-145 -1330
-146 -1458
-145 -1586
-145 -1585
-17 -1330
-146 -1201
-17 -1344
111 -1074
-145 -818
-145 -561
-18 -433
-274 -177
-18 -191
225 206
-159 462
-159 718
-159 974
-160 1103
-288 847
-288 1102
-160 1359
-288 1358
-159 1230
-160 1088
97 1216
96 1344
96 1359
-32 1103
-288 846
-160 832
97 704
96 320
97 206
-145 -49
-17 -576
111 -562
-145 -817
-17 -818
-145 -832
111 -1073
-17 -1329
-18 -1472
111 -1344
110 -1201
-17 -1329
-17 -1344
111 -1074
-146 -946
-146 -689
-18 -689
-17 -562
-145 -306
-146 -434
-146 -177
-288 335
-32 591
-32 832
96 847
-31 961
225 1217
225 1473
224 1615
-31 1486
-159 1230
-160 1358
-415 1487
-288 1358
-160 1088
97 974
-159 975
-32 591
-32 335
-32 64
111 -49
-18 -433
-17 -817
-17 -818
-145 -817
-18 -945
-18 -945
-17 -1344
110 -1201
-18 -959
239 -1087
239 -1073
-18 -960
110 -689
-17 -561
-17 -305
-18 -192
96 64
96 79
-31 462
-159 719
-31 718
-160 1103
-287 975
-31 960
96 1088
97 1231
-32 1359
-288 1359
-31 1231
-31 1487
-32 1359
-287 975
-32 1103
-32 847
-32 591
-32 335
-287 206
-145 -50
-145 -562
-146 -945
-273 -1329
-18 -1215
239 -1088
110 -1472
110 -1458
-145 -1841
-17 -1585
-17 -1856
111 -1585
-18 -1457
-18 -1201
-18 -960
111 -832
111 -576
111 -306
-145 -49
-32 79
-287 206
-160 590
-159 975
-288 1103
-288 1102
-160 846
-159 1230
-159 1486
-159 1742
-160 1614
-160 1359
-287 1742
-160 1614
-160 1359
-32 1088
97 719
-32 334
-160 320
97 207
-32 79
-18 -177
-18 -447
238 -433
-17 -817
-273 -1074
-145 -1344
111 -1329
-17 -1586
-146 -1457
-18 -1216
110 -1215
238 -1201
-17 -1074
-146 -945
-18 -689
-17 -561
-18 -448
110 -434
-146 -178
-416 79
-287 206
-160 576
96 577
225 719
-32 1103
-287 974
-159 975
-31 1231
-31 1230
-160 1102
-160 1103
-31 1231
-31 975
-32 832
97 463
-32 320
97 206
-160 79
-17 -306
-145 -562
-146 -689
-17 -832
111 -1073
-18 -1201
-18 -1216
111 -1600
110 -1714
-145 -1585
-18 -1216
110 -1201
-17 -1329
-17 -1074
-146 -945
-273 -561
-18 -448
110 -433
-17 -306
-145 -50
-160 78
-160 591
-31 704
96 832
96 846
-160 1102
-160 1103
-32 1359
-32 1615
-31 1472
96 1103
-31 960
97 1473
225 1216
97 974
-159 719
-32 335
-32 334
-159 207
-32 64
110 -177
-18 -448
367 -831
238 -1201
-18 -1201
-17 -1329
-18 -1457
-18 -1713
-18 -1728
111 -1841
-17 -1586
-146 -1457
-17 -1329
-274 -946
-146 -689
-17 -562
-146 -177
-17 -50
-145 -49
-273 -49
-288 334
-159 719
-31 975
-31 975
-31 960
97 1231
-31 1231
-32 1614
-160 1359
-288 1358
-159 1231
-31 1217
225 1216
97 974
-159 719
-31 704
97 206
-146 -192
110 -177
-18 -433
-17 -562
-146 -960
110 -945
-18 -945
-17 -1329
-18 -1472
111 -1585
-17 -1329
-17 -1329
-17 -1344
111 -1088
110 -945
-18 -960
111 -561
-17 -576
111 -576
111 -319
238 -191
224 64
97 192
96 335
-32 590
-160 847
-32 832
96 846
-160 1358
-160 1615
-31 1216
96 1103
-32 1088
97 975
-32 847
-31 960
96 832
96 577
224 320
111 -49
-17 -64
110 -177
-18 -433
-18 -960
111 -1073
-17 -1074
-401 -1073
-274 -1458
-146 -1457
-18 -1713
-18 -1458
-146 -1457
-17 -1330
-146 -1201
-17 -817
-18 -689
-18 -704
110 -448
111 -320
96 64
96 321
224 335
-31 719
-32 847
-31 719
-31 960
97 960
96 1088
96 1615
-288 1358
-159 960
97 1230
-160 1358
-159 1231
-32 833
224 577
225 448
97 207
-31 207
-32 79
-18 -434
-146 -703
238 -960
110 -1202
-146 -1201
-17 -1343
239 -1600
110 -1714
-145 -1585
-18 -1202
-146 -1457
-17 -1329
-17 -1073
-18 -960
110 -689
-18 -433
-18 -434
-145 -320
110 -192
96 79
-32 78
-159 463
-288 847
-288 1102
-160 832
97 960
96 1359
-31 1487
-31 1487
-32 1359
-32 1103
-31 1216
97 1217
224 832
97 448
97 463
-32 335
-31 207
-32 78
-145 -49
-18 -433
-17 -817
-18 -1216
110 -1457
-18 -1202
-146 -1202
-146 -1714
-146 -1714
-145 -1600
110 -1472
367 -1344
110 -1215
238 -959
238 -945
-17 -818
-146 -689
-18 -689
-18 -434
-160 64
96 320
96 591
-31 704
97 705
225 718
-160 847
-32 1088
353 1217
225 1216
96 1359
-288 1359
-288 1358
-160 846
-159 718
-160 847
-287 462
-159 207
-32 79
-17 -305
-17 -576
110 -689
-18 -946
-146 -1202
-145 -1087
238 -1201
-18 -1201
-17 -1585
-18 -1713
-18 -1472
110 -1216
111 -1088
111 -1074
-145 -817
-17 -817
-17 -831
238 -704
111 -575
239 -320
111 -49
-32 78
-159 448
97 449
224 577
224 576
97 719
-32 1103
-288 1359
-287 1230
-159 1231
-32 1344
96 1359
-31 974
-160 832
96 320
97 463
-31 462
-159 207
-18 -177
-18 -433
-17 -562
-146 -946
-146 -960
111 -1073
-18 -1202
-146 -1457
-18 -1472
110 -1472
110 -1458
-145 -1329
-17 -1344
110 -1215
239 -1073
-18 -689
-18 -448
111 -320
111 -305
-18 -192
111 -64
97 206
-160 321
225 705
225 719
-32 847
-32 1088
97 960
97 1230
-159 1230
-160 1103
-31 1231
-31 1231
-31 960
96 591
-31 719
-32 591
-32 334
-160 78
-160 78
-145 -50
-145 -320
111 -832
110 -1201
-17 -1329
-18 -1202
-145 -1329
-17 -1585
-17 -1841
-17 -1329
-18 -1200
