-18 -6848
110 -7103
238 -6848
110 -7089
-18 -7360
110 -7871
239 -8255
238 -8384
110 -8369
-18 -8369
-17 -8241
-18 -8640
110 -8640
366 -8639
495 -9024
110 -8882
-146 -8881
-17 -8767
239 -8768
367 -8512
111 -8511
238 -8640
110 -8640
111 -8512
110 -8384
111 -8256
366 -8383
239 -8256
366 -8640
110 -8896
110 -8881
-18 -8881
-17 -9024
111 -9024
111 -9009
-18 -9408
111 -9791
239 -10033
-18 -10673
-18 -10688
366 -10431
238 -10944
111 -11327
239 -11327
239 -11584
110 -11953
-17 -12081
-18 -12209
-17 -12352
111 -12608
111 -12849
-18 -12465
-18 -12721
-18 -12721
-17 -12352
111 -12352
110 -12224
110 -11968
110 -11968
110 -11953
-17 -11825
-17 -11327
239 -11583
239 -11584
111 -11327
239 -11327
238 -11441
-17 -11313
-18 -11456
110 -11200
367 -11072
111 -11057
-18 -10930
-146 -10944
111 -11071
239 -11328
110 -11442
-145 -11570
-145 -11569
-18 -11698
-145 -11840
110 -11967
238 -11954
-146 -12210
-402 -12466
-146 -12480
111 -12608
111 -12607
238 -12736
110 -12992
111 -12864
110 -12480
366 -12479
495 -12607
239 -12593
-18 -12209
-18 -11712
110 -11456
110 -11199
239 -11071
238 -11199
239 -10545
-18 -10417
-18 -10161
-17 -9792
111 -9536
110 -9664
111 -9536
110 -9394
-145 -9280
110 -9152
366 -9152
110 -8896
111 -8511
239 -8753
-18 -8896
110 -8896
110 -8640
111 -8512
110 -8383
239 -8512
366 -8384
111 -8497
-18 -8625
-18 -8625
-18 -8384
110 -8384
111 -8256
111 -8000
110 -7857
-18 -7616
367 -7488
367 -7232
110 -7104
111 -6464
110 -6079
239 -5952
110 -5568
111 -5425
-17 -5184
110 -5055
238 -4800
110 -4529
-17 -4145
-18 -3761
-18 -3505
-274 -3249
-17 -3135
238 -3007
238 -3008
111 -3136
111 -2865
-17 -2368
366 -2240
110 -2496
111 -2609
-17 -2624
111 -2623
238 -2752
110 -2481
-18 -2482
-401 -2354
-146 -2481
-18 -2737
-17 -2353
-17 -2097
-18 -2239
239 -2609
-17 -2354
-146 -1728
111 -1600
111 -1329
-17 -818
-145 -306
-146 -192
97 192
96 320
96 591
-32 847
-31 1231
-32 1600
97 1728
97 1999
-31 2511
-32 2624
97 2753
225 3023
-32 3151
-32 3407
-32 3392
96 3392
96 3137
225 3265
224 3137
224 3136
96 3407
-31 3535
-32 3393
225 3520
96 3407
-32 3407
-32 3407
-32 3136
97 3279
-31 3520
96 3649
224 3648
96 3662
-159 3790
-160 3904
97 4033
224 4160
96 4672
96 4942
-160 5199
-288 5455
-32 5711
-32 5966
-160 6223
-31 6351
-31 6592
96 6976
96 6990
-159 7119
-31 7375
-32 7503
-32 7744
96 7744
97 7616
96 7759
-32 7759
-32 7759
-31 7616
97 7631
-31 7374
-160 7502
-159 7375
-31 7360
97 7360
96 6977
225 6848
96 6991
-31 7105
224 7247
-31 7119
-32 7247
-32 7247
-31 7361
224 7744
97 7631
-31 7631
-31 7873
224 8001
224 8257
225 8640
353 8897
224 8768
96 9039
-32 9039
-31 9409
225 9665
225 9664
352 9793
225 9920
96 9807
-32 10048
97 10176
96 10048
96 10049
225 10191
-31 10191
-32 9807
-288 9536
96 9281
224 9280
97 9152
96 9024
96 8768
96 8769
225 8640
97 8384
96 8512
96 8512
97 8143
-32 8015
-31 8142
-160 8270
-160 8271
-32 8014
-159 8399
-32 8527
-32 8768
97 8911
-31 9152
96 9280
97 9423
-32 9551
-32 9536
97 9679
-32 9792
97 9665
224 9807
-31 9920
96 10048
97 10176
96 10049
224 9807
-31 9935
-32 9807
-31 9664
97 9408
97 9422
-159 9423
-32 9295
-31 9408
96 9025
224 8527
-31 8384
96 8001
224 7744
96 8015
-31 8142
-160 8015
-32 7759
-31 7631
-32 7758
-159 7631
-32 7759
-31 8128
97 8640
96 8527
-32 8782
-160 8768
97 8897
225 8911
-31 9167
-31 9408
96 9536
352 9792
96 9806
-159 9679
-31 9664
97 9921
225 9935
-32 10048
96 9792
96 9807
-31 9935
-32 9792
96 9537
225 9153
224 9024
97 8896
96 8769
224 8256
97 8385
225 8384
96 8000
96 7744
96 7759
-31 7616
352 7488
352 7488
97 7361
225 7617
224 7744
96 7758
-159 7872
97 7872
353 8129
224 8257
225 8384
97 8384
96 8513
224 8271
-32 8526
-160 8783
-31 9166
-159 9422
-160 9294
-159 9166
-159 9423
-32 9536
96 9280
353 9152
97 9166
-159 9166
-159 8896
97 8897
225 8896
96 8527
-31 8143
-32 8000
97 7872
97 7631
-31 7617
224 7232
97 7104
352 7233
225 6863
-31 6849
225 6848
96 6720
96 6720
96 6977
225 7104
96 6976
97 7119
-32 7503
-32 7488
96 7488
97 7617
224 7744
97 7887
-31 8143
-31 8384
97 8384
97 8384
97 8384
96 8527
-32 8527
-31 8640
96 8512
97 8399
-32 8256
97 8384
352 8513
225 8129
225 7631
-32 7744
96 7744
96 7503
-32 7503
-32 7232
96 6976
96 6735
-31 6607
-32 6464
97 6350
-160 6208
97 6080
97 5824
96 6208
97 6095
-31 6081
224 6208
352 6208
97 6337
225 6607
-31 6592
97 6593
225 6593
224 6720
96 6991
-31 7104
97 7104
96 7232
96 7502
-160 7488
97 7631
-31 7616
97 7617
224 7488
352 7488
96 7503
-32 7233
224 6976
97 6593
224 6479
-31 6337
224 6208
96 5967
-32 5711
-31 5569
225 5312
96 5185
224 5185
225 5313
225 5313
225 4544
96 4416
97 4800
97 4800
96 4943
-31 4815
-32 5185
224 5185
224 5455
-32 5440
97 5569
224 5697
224 5696
97 6080
97 6080
96 6209
224 6464
96 6223
-31 6081
225 6080
96 6209
225 6351
-31 6351
-31 5838
-160 5967
-31 5824
97 6080
97 5825
225 5313
224 5184
97 5056
97 4800
97 4559
-32 4431
-32 4430
-160 4431
-287 4303
-31 4288
96 3905
225 3776
96 3648
97 3776
97 3776
96 3648
97 3777
224 4161
224 4175
-32 4175
-32 4431
-31 4558
-159 4559
-287 4559
-32 4686
-160 4942
-159 5071
-32 5184
97 5327
-31 5071
-31 5313
224 5185
224 5185
224 5441
225 5327
-31 5327
-32 5184
352 4929
225 4544
97 4559
-32 4416
96 4431
-32 4160
96 3904
97 3776
96 3407
-31 3008
97 2767
-31 3022
-160 3407
-31 3022
-160 2638
-160 2639
-32 2624
96 2624
96 2895
-31 3265
224 3407
-31 3278
-160 3392
96 3663
-31 3534
-160 3392
96 3649
225 3776
96 3904
97 4288
97 4544
353 4288
97 4303
-31 4303
-31 4289
225 4289
224 4160
97 4032
96 3905
225 3791
-31 3535
-32 3392
97 3264
353 3265
225 3023
-31 2766
-160 2624
96 2369
224 2112
96 2112
96 2112
96 1856
96 1857
225 1472
352 1615
-32 1871
-31 1999
-31 1984
97 1984
97 1984
96 2127
-31 2255
-32 2382
-159 2511
-32 2895
-31 3023
-31 3023
-32 3137
224 3392
97 3520
96 3648
96 3648
96 3663
-32 3662
-159 3534
-160 3407
-31 3278
-160 3151
-32 2895
-32 2894
-159 2767
-32 2625
225 2496
96 2383
-32 2126
-160 1870
-415 1742
-160 1615
-32 1358
-159 1231
-32 1358
-159 1230
-159 975
-31 1231
-31 1231
-32 1088
97 975
-31 1231
-32 1614
-160 1856
97 1984
97 1984
97 2240
97 1999
-31 1999
-32 2112
97 2496
97 2752
97 2767
-32 2895
-31 2752
97 3008
96 3136
97 3023
-31 3008
97 3023
-32 3150
-159 2511
-31 2240
97 2240
96 2127
-32 1871
-32 1614
-159 1728
96 1615
-32 1358
-160 1102
-159 961
225 975
-31 974
-159 719
-32 832
96 846
-159 974
-159 960
96 1088
97 975
-31 1231
-32 1600
96 1857
225 1984
97 1985
224 1857
225 2255
-31 2241
224 2625
225 2752
97 2753
225 2752
96 2895
-31 2766
-160 2894
-159 3008
96 2880
97 3023
-32 3137
225 2752
96 2369
224 2112
353 2255
-32 2127
-32 2127
-31 1998
-160 1615
-31 1487
-31 1216
96 1103
-31 1216
96 1088
96 1088
97 961
224 577
224 833
225 1216
97 1231
-31 1231
-31 1472
97 1472
97 1473
225 1729
224 1856
352 2112
353 1985
224 2112
97 2511
-32 2624
352 2624
353 2496
352 2369
225 2497
224 2624
352 2368
353 2241
225 2240
352 1857
480 1600
352 1345
480 1088
608 1089
481 960
609 705
736 321
750 -191
750 -704
878 -704
878 -959
1007 -1088
879 -1344
1135 -1856
1391 -2367
1262 -2496
1135 -2624
1391 -2880
1647 -3136
1903 -3648
1902 -3776
1903 -3903
2030 -4288
2159 -4416
2671 -4672
2671 -4928
2415 -5440
2927 -5951
3311 -6208
3694 -6848
3951 -7487
4078 -8127
4334 -8895
4590 -9919
4591 -10559
5102 -11455
5614 -12735
5871 -13888
6255 -15167
6638 -16576
7023 -17983
7663 -19520
8302 -21183
8943 -22848
9582 -24767
9966 -26559
10478 -28864
11374 -31167
12269 -33343
13037 -35647
13804 -38079
14828 -40639
15597 -43583
16364 -46527
17644 -49343
18669 -52031
19948 -55487
20972 -58816
22381 -62528
23663 -66624
25199 -70463
26606 -74432
28271 -78911
29934 -83648
31599 -88381
33519 -94014
35437 -99646
37484 -104894
39532 -110781
41708 -117181
44012 -124093
46572 -131005
49391 -138301
51950 -146110
54639 -154174
57454 -162750
60525 -171837
63724 -181184
67437 -191040
70767 -201280
74350 -212160
78446 -223424
82540 -235200
86637 -247615
91116 -260544
95599 -273726
100207 -287549
105197 -301886
110444 -317117
115695 -332605
120815 -348477
126700 -365247
132844 -382656
138862 -400831
145390 -419263
152045 -438336
158829 -458046
165998 -478910
173421 -500286
180845 -522301
188654 -545215
196844 -569023
205551 -593215
213999 -618560
222829 -644669
232174 -671422
242029 -699198
251758 -727741
261613 -757056
272239 -787519
283119 -818752
293996 -850878
305518 -883901
317167 -918080
329068 -953023
341230 -988608
353900 -1025469
366574 -1063102
379756 -1102016
393582 -1141695
407278 -1182143
421357 -1223741
435694 -1266365
450028 -1309631
464877 -1353792
480622 -1398973
496366 -1445054
512109 -1492032
528239 -1539648
544622 -1587901
561389 -1637182
578157 -1687359
595692 -1738176
612974 -1789885
630511 -1841726
648557 -1894720
666732 -1948352
685164 -2002366
703598 -2056895
722670 -2112191
741359 -2168126
760172 -2224574
779629 -2281536
799085 -2338623
818156 -2396349
837614 -2454207
857582 -2512319
877295 -2570813
896750 -2629566
916335 -2688319
936173 -2747198
956013 -2805821
975597 -2864447
995308 -2922943
1015022 -2981566
1034095 -3039807
1053423 -3097408
1072239 -3154750
1091182 -3211965
1110252 -3268287
1128685 -3323967
1146605 -3379006
1164399 -3433023
1181934 -3486399
1199340 -3538622
1216364 -3590078
1232749 -3640384
1248623 -3689280
1263983 -3736637
1279213 -3782717
1293806 -3827389
1307887 -3870272
1321325 -3911488
1334127 -3950910
1346156 -3988670
1357934 -4024510
1368428 -4058047
1378286 -4089536
1387628 -4118975
1396207 -4146240
1404012 -4170941
1411052 -4193470
1417070 -4213437
1422317 -4230717
1426668 -4245437
1430253 -4257597
1432559 -4266813
1433838 -4273342
1434223 -4276797
1433583 -4277310
1432175 -4274494
1429359 -4268861
1425647 -4260158
1420908 -4248509
1414893 -4233536
1407855 -4215360
1399661 -4193856
1390445 -4168767
1380079 -4140606
1368429 -4108861
1355759 -4073535
1341933 -4035136
1326957 -3993149
1310703 -3947837
1293295 -3898944
1274988 -3846592
1255533 -3790910
1234796 -3731645
1213164 -3669183
1190124 -3603645
1166060 -3534784
1141101 -3462208
1114732 -3386302
1087342 -3307712
1059438 -3225790
1029740 -3140800
999533 -3052605
968431 -2961472
936300 -2867389
903150 -2770624
869228 -2671037
834287 -2569024
798572 -2464189
762092 -2356927
724718 -2247103
686828 -2135486
648301 -2021184
608623 -1904957
568302 -1786815
527598 -1666752
486509 -1544766
444780 -1421504
402540 -1296319
359917 -1169725
316908 -1042112
273516 -913342
229740 -783038
185452 -651967
141037 -519743
96237 -386877
51181 -253247
6381 -118323
-38432 16462
-83360 151116
-128160 285005
-172575 417998
-216480 549708
-260000 680013
-303136 806479
-345887 932557
-388383 1059532
-429983 1185487
-471325 1310157
-512285 1433295
-552477 1554639
-592158 1674317
-631327 1792206
-669856 1908044
-707741 2021839
-744733 2133709
-781088 2243919
-816669 2351820
-851360 2457420
-885151 2560974
-918430 2662476
-950687 2761165
-981533 2857423
-1011743 2951116
-1041311 3041743
-1069598 3129420
-1096863 3213519
-1123359 3294669
-1148704 3372620
-1172894 3447374
-1196190 3518797
-1218334 3587149
-1239069 3652047
-1258782 3713870
-1277597 3772108
-1295519 3826894
-1311648 3878735
-1327134 3927118
-1341341 3972044
-1354656 4013388
-1366685 4051662
-1377695 4086990
-1387421 4118478
-1396128 4146511
-1403678 4171597
-1410077 4193485
-1415456 4212300
-1419933 4227532
-1423262 4239693
-1425438 4248397
-1426717 4254668
-1426590 4257869
-1425949 4257996
-1424286 4255052
-1421469 4249037
-1417758 4240460
-1413021 4228814
-1407647 4214734
-1401247 4198095
-1393950 4178766
-1386144 4157007
-1377311 4132556
-1367710 4105805
-1357344 4076621
-1346589 4045519
-1334816 4012110
-1322398 3977037
-1309471 3939789
-1295902 3901005
-1282077 3860431
-1267487 3817935
-1252381 3774157
-1236766 3728717
-1220639 3681486
-1204383 3633359
-1187614 3584076
-1170333 3533261
-1152800 3481679
-1134879 3429327
-1116702 3375948
-1098397 3322063
-1080093 3267278
-1061023 3211724
-1042079 3155404
-1023135 3099343
-1004063 3042511
-984349 2985164
-964766 2927695
-945181 2870222
-925853 2812365
-906016 2754381
-886815 2696143
-867360 2637900
-847776 2579532
-828320 2521167
-808990 2463054
-789662 2405197
-770589 2347726
-751518 2290255
-732704 2233676
-713888 2177357
-695328 2121294
-677021 2065870
-659101 2010828
-640925 1956301
-623392 1902671
-605984 1849420
-588448 1797196
-571293 1745359
-554526 1694287
-538143 1643981
-521759 1594572
-506013 1546190
-490398 1498191
-475168 1451086
-459679 1405132
-444830 1359692
-430240 1315407
-416287 1270735
-402206 1228620
-388512 1188172
-375198 1147980
-362397 1108687
-349472 1069903
-337182 1032524
-325280 995660
-313502 959565
-301855 924622
-290717 890574
-279711 857295
-269085 825036
-258976 793677
-249118 762957
-239391 733132
-229790 704590
-220575 676559
-211998 649551
-203550 623180
-195231 597709
-187165 573132
-179104 549452
-171680 526412
-164766 503887
-157472 481870
-150688 460879
-143901 440526
-137887 420814
-131744 402252
-125854 383821
-120093 366029
-114720 349261
-109344 333133
-104734 317260
-99741 302031
-95008 287311
-90399 273102
-86174 259919
-82205 246734
-78237 234447
-74272 222799
-70688 211279
-67103 200396
-63901 190157
-60701 180429
-57630 171085
-54816 161868
-52128 153421
-49440 145485
-46624 137804
-44445 130252
-42142 122957
-39710 116557
-37661 110029
-35614 103756
-33695 97999
-31775 92366
-30112 87375
-28447 82382
-27040 77391
-25631 72910
-24223 68559
-22814 64334
-21662 60238
-20381 56527
-19229 52942
-18078 49486
-16797 46031
-15902 43086
-15006 40014
-14238 37198
-13470 34639
-12576 32078
-11679 29390
-10911 27087
-10527 24782
-9888 22606
-9376 21070
-8864 19278
-8095 17102
-7839 15567
-7200 13903
-6944 12879
-6687 11982
-6048 11087
-5663 9935
-5407 8910
-5024 8014
-4767 7375
-4383 6606
-4000 5966
-3744 5198
-3488 4687
-3359 4046
-3232 3406
-3231 3023
-2848 2638
-2463 1998
-2463 1486
-2208 1102
-2208 846
-1951 462
-1951 206
-1681 -305
-1297 -561
-1554 -690
-1426 -946
-1426 -1458
-1169 -2097
-1297 -2354
-1170 -2482
-914 -2993
-786 -3249
-785 -3633
-786 -4017
-786 -4273
-786 -4530
-657 -4658
-913 -4914
-658 -5041
-529 -5169
-274 -5297
-274 -5042
-402 -5297
-274 -5297
-274 -5041
-273 -4913
-273 -4657
-274 -4529
-273 -4402
-401 -4402
-402 -4017
-274 -4018
-401 -3889
-274 -3762
-146 -3250
-402 -3506
-401 -3633
-273 -3377
-274 -3249
-273 -3121
-274 -3249
-17 -3121
-274 -2994
-145 -3377
-17 -3377
-18 -3505
-17 -3633
-18 -3761
-18 -3761
-17 -3889
-18 -4017
-17 -4145
-273 -4146
-145 -4402
-145 -4402
-145 -4401
-17 -4146
-145 -4402
-146 -4544
110 -4800
111 -4657
-18 -4529
-17 -4145
-18 -4032
111 -3889
-18 -3505
-273 -3121
-274 -3008
111 -2879
239 -2865
-18 -2738
-145 -2609
-17 -2097
-17 -1842
-145 -1841
-18 -1969
-18 -1714
-145 -1330
-401 -1585
-17 -1330
-145 -1330
-402 -1457
-273 -1330
-146 -1457
-273 -1586
-146 -1714
-146 -1970
-145 -1841
-18 -1969
-274 -2226
-146 -2482
-145 -2609
-17 -2866
-146 -2994
-146 -2993
-17 -2865
-18 -2751
238 -2993
-18 -2993
-17 -2866
-146 -2738
-146 -2738
-146 -2737
-273 -2609
-18 -2496
110 -2240
110 -1984
367 -1855
238 -1728
110 -1728
110 -1713
-17 -1600
110 -1457
-18 -1202
-145 -1329
-18 -1202
-146 -1202
-145 -1073
-18 -1202
-146 -1202
-145 -1074
-145 -818
-145 -832
111 -1088
111 -1585
-18 -1983
239 -1841
-18 -1969
-274 -2225
-17 -2609
-18 -2752
110 -3008
111 -3378
-146 -3520
110 -3506
-145 -3633
-18 -4017
-17 -3890
-145 -3634
-146 -3505
-17 -3633
-18 -3506
-145 -3121
-18 -3008
110 -2993
-18 -2993
-17 -3136
110 -3008
110 -3008
110 -2737
-18 -2226
-145 -2098
-145 -2097
-17 -2353
-17 -2610
-146 -2482
-145 -2354
-146 -2482
-146 -2737
-17 -2865
-17 -2880
110 -2993
-18 -3263
238 -3519
238 -3505
-17 -3634
-145 -3890
-146 -4017
-18 -4273
-17 -4402
-145 -4928
110 -5042
-145 -5169
-18 -5298
-145 -5425
-274 -5554
-145 -5682
-146 -5554
-145 -5681
-273 -5681
-274 -5810
-145 -5426
-146 -5297
-274 -5298
-146 -5042
-145 -5169
-17 -5184
111 -5169
-18 -5297
-18 -5056
110 -5055
238 -5041
-17 -5169
-18 -5042
-146 -5056
111 -4928
111 -4657
-17 -5170
-146 -5312
110 -5298
-145 -5425
-17 -5440
110 -5553
-17 -5937
-18 -6065
-18 -6321
-18 -6336
111 -6705
-17 -6961
-18 -7104
110 -7345
-17 -6975
238 -7089
-18 -7346
-146 -7601
-273 -7474
-145 -7488
111 -7473
-17 -7217
-273 -7231
238 -7359
494 -7359
239 -6976
111 -6975
238 -7104
110 -7089
-17 -7218
-145 -6705
-18 -6577
-17 -6450
-401 -6194
-145 -6207
239 -6194
-145 -5937
-18 -5809
-18 -5568
111 -5681
-17 -5682
-146 -5553
-18 -5553
-17 -5682
-146 -6065
-18 -6065
-18 -6066
-145 -6194
-145 -6449
-18 -6336
110 -6336
110 -6321
-17 -6449
-17 -6449
-17 -6449
-273 -6449
-273 -6450
-145 -5937
-18 -6065
-17 -5937
-17 -5681
-17 -5440
110 -5042
-145 -4913
-17 -4657
-18 -4529
-18 -4288
110 -4273
-18 -4274
-146 -4017
-17 -3377
-18 -2993
-17 -2865
-274 -2738
-146 -2993
-18 -2737
-18 -2481
-17 -2354
-146 -2226
-146 -2226
-402 -1969
-274 -1969
-18 -2240
111 -2354
-146 -2225
-18 -2226
-145 -2354
-146 -2225
-18 -2481
-18 -2482
-145 -2609
-273 -2865
-274 -2993
-274 -2994
-146 -3264
111 -3135
238 -3263
239 -3135
239 -3121
-18 -3007
238 -3008
111 -2865
-18 -2738
-146 -2482
-145 -2098
-145 -1842
-145 -1856
110 -1727
238 -1727
239 -1344
110 -704
110 -689
-18 -433
-18 -177
-18 -192
97 206
-159 207
-31 207
-17 -49
-288 79
-31 193
238 -192
110 -192
110 -178
-145 -63
238 -177
-17 -50
-146 -192
110 -177
-17 -305
-18 -690
-145 -817
-18 -704
111 -305
-18 -434
-145 -320
111 -305
-18 -191
239 -320
96 79
-288 335
-31 462
-160 591
-31 960
96 1089
225 960
96 1089
224 1345
224 1614
-160 2127
-31 2255
-32 2383
-32 2126
-160 2127
-31 2255
-32 2383
-31 2240
97 2240
97 2255
-32 2112
96 2126
-159 1998
-159 1999
-31 1743
-32 1615
-31 1487
-32 1358
-159 1230
-159 975
-288 590
-160 832
97 719
-31 718
-159 719
-31 463
-32 577
225 719
-31 718
-159 718
-416 1103
-288 1358
-159 1487
-31 1743
-31 1743
-31 1742
-160 1871
-31 1999
-31 2254
-160 2639
-287 3022
-159 3022
-160 2895
-32 2880
96 2895
-32 3150
-159 3278
-159 3008
97 3264
96 3151
-287 3023
-287 2767
-287 2766
-159 2511
-31 2497
225 2510
-160 2383
-32 2113
225 1728
97 1487
-31 1231
-31 1231
-31 1486
-160 1358
-159 1231
-31 1230
-160 1344
97 1216
96 1344
97 1486
-159 1742
-416 2126
-160 2127
-31 2511
-32 2639
-32 2639
-31 2767
-32 2624
96 2880
96 3136
97 3279
-31 3278
-160 3151
-32 3406
-159 3264
97 3008
97 3023
-32 3136
97 3264
97 3022
-160 2894
-160 2639
-31 2767
-31 2766
-160 2382
-159 1998
-160 1871
-31 1742
-160 1614
-160 1358
-159 1487
-31 1487
-32 1358
-160 1344
97 1472
96 1615
-32 1600
97 1742
-160 1856
96 1856
97 2240
97 2496
96 2624
97 2752
97 3008
97 3008
97 3023
-31 3279
-31 3535
-31 3535
-31 3264
96 3392
96 3407
-32 3392
97 3265
224 3392
96 3137
225 3009
224 3136
96 2895
-32 2639
-31 3008
97 3008
96 2624
97 2511
-31 1999
-31 1985
224 1857
224 1615
-31 1487
-32 1344
96 1358
-159 1216
96 1344
96 1358
-159 1231
-31 1216
96 1345
224 1871
-31 2240
97 2241
225 2241
225 2511
-32 2639
-32 2639
-31 3023
-32 2895
-32 3150
-159 3264
96 3151
-31 3264
96 3392
96 3393
225 3264
96 3151
-31 3023
-31 3008
96 3151
-31 3008
97 2752
97 2752
96 2368
96 2369
225 2497
224 2127
-31 1999
-32 1856
97 1487
-32 1601
224 1615
-31 1487
-31 1486
-159 1216
96 1359
-32 1614
-160 1601
224 1870
-159 2254
-160 2382
-160 2382
-160 2368
97 2496
96 2895
-31 3022
-160 3136
96 3150
-160 3150
-159 3265
225 3264
97 3520
96 3649
224 3648
97 3279
-31 3279
-32 3407
-31 3278
-159 3279
-287 3023
-32 2895
-32 2894
-160 2638
-159 2511
-32 2368
97 1985
224 1856
96 1615
-31 1728
96 1615
-31 1486
-159 1486
-159 1472
96 1601
224 1615
-32 1615
-31 1742
-159 1742
-160 1871
-31 2255
-32 2382
-159 2511
-32 2880
97 2767
-32 2895
-32 3150
-159 3534
-160 3663
-31 3535
-32 3648
96 3663
-31 3790
-159 3790
-159 3791
-31 3535
-32 3392
96 3648
97 3520
96 3151
-288 3151
-287 3022
-159 2767
-32 2368
97 2255
-31 2255
-31 2254
-159 1743
-32 1600
96 1614
-159 1487
-32 1344
97 1231
-32 1358
-159 1486
-159 1742
-160 1870
-159 1999
-31 1985
224 2126
-160 2383
-288 2639
-31 2767
-31 2766
-160 2880
97 3264
96 3407
-31 3535
-32 3392
96 3392
96 3407
-31 3535
-31 3791
-32 3918
-159 3534
-160 3406
-159 3535
-32 3392
96 3407
-31 3278
-160 3150
-159 2767
-287 2752
96 2624
96 2639
-31 2496
97 2255
-32 1857
224 1856
96 1856
97 1728
97 1743
-32 1615
-31 1472
96 1615
-32 1856
97 1985
225 2240
352 2369
225 2752
97 2752
96 2895
-31 3008
97 3009
224 2895
-31 3008
96 3406
-160 3662
-159 3534
-159 3520
96 3662
-159 3790
-159 3535
-32 3407
-31 3279
-31 3264
96 3136
96 3136
96 3136
97 3264
96 2895
-32 2383
-32 2383
-32 2382
-160 2126
-159 1743
-32 1600
97 1728
96 1870
-159 1999
-32 1600
97 1728
97 1472
97 1742
-159 1743
-32 1857
225 1985
224 2368
96 2368
96 2383
-31 2511
-31 2767
-32 3151
-32 3136
96 3151
-32 3392
97 3264
96 3151
-32 3407
-32 3663
-32 3919
-32 3649
225 3520
97 3264
96 3151
-31 3279
-32 3136
97 3008
96 2895
-32 2383
-32 2127
-32 2127
-31 1984
97 1728
96 1856
96 1600
96 1601
225 1472
97 1742
-160 1615
-32 1344
96 1600
96 1615
-32 1344
97 1728
96 1871
-31 1999
-32 2126
-159 2240
96 2369
224 2625
224 2880
96 2880
96 3136
97 3279
-32 3407
-31 3008
97 3008
97 3023
-32 3407
-31 3520
96 3393
225 3279
-31 3279
-32 3151
-31 3023
-31 2737
