-160 30543
-31 30159
-31 29903
-32 29007
-32 28224
97 27840
97 27328
97 27072
96 26689
225 26304
97 26319
-31 26560
97 26816
96 27215
-31 27840
97 27855
-32 27982
-160 28238
-160 28736
97 29121
225 29120
96 29248
96 29504
97 29646
-159 29391
-31 29135
-31 29135
-32 28751
-32 28737
224 28239
-31 27855
-32 27201
224 26176
96 24896
96 24128
96 23360
97 22464
96 21327
-32 20047
-31 19137
225 18881
224 18240
96 17472
96 16719
-31 16576
97 16321
224 15951
-32 15695
-288 15695
-31 15552
97 15566
-159 15566
-415 15566
-159 15822
-159 16078
-160 16207
-32 16448
97 16577
224 17231
-31 17103
-31 17103
-31 16833
225 17345
224 17728
97 17600
96 17998
-160 17743
-31 17359
-32 16704
97 16833
225 16590
-159 15823
-32 15169
225 14272
353 14016
96 13903
-31 13007
-31 11983
-32 11343
-31 10703
-288 9806
-416 8782
-160 8015
-32 8270
-159 8654
-160 8783
-32 8512
97 8128
96 8256
96 8527
-32 8782
-160 9536
96 10319
-31 10959
-32 11343
-31 11727
-32 12879
-32 13888
96 14414
-160 14414
-160 14670
-159 15311
-31 15297
224 14927
-32 14671
-32 14656
97 14543
-31 14031
-31 13775
-32 13391
-32 12623
-32 11840
97 10959
-32 10560
96 10048
96 9039
-31 7631
-31 7104
96 6720
96 6222
-159 5327
-31 4544
97 4032
97 4032
97 3791
-31 3264
96 3136
96 3136
96 3151
-32 3150
-159 3791
-31 4559
-32 5199
-32 5455
-31 6094
-160 6991
-32 8014
-159 8911
-32 9550
-160 10318
-160 11086
-159 11727
-32 11855
-32 12111
-31 12224
96 12367
-32 12352
96 12608
96 12366
-159 11983
-32 11072
96 10063
-31 9664
96 9281
224 8513
225 7631
-31 6862
-160 6721
224 6465
481 5824
96 5199
-32 5184
97 5583
-31 5839
-32 6464
97 6849
225 7375
-31 7887
-31 8641
224 9536
97 10446
-160 10830
-160 11343
-32 11584
97 12750
-159 13774
-160 14158
-159 14286
-159 15055
-31 15823
-31 16064
97 16079
-31 16064
97 16320
96 15936
96 15680
352 15424
353 15297
225 14799
-31 14016
96 13120
96 12879
-32 12622
-159 11727
-287 10702
-160 9806
-160 9806
-159 9678
-159 9167
-31 8398
-159 8399
-288 9039
-31 9408
97 9423
-31 9679
-32 9793
225 10176
353 11200
96 12096
96 12879
-32 13377
224 13903
-31 14784
96 16192
96 17743
-31 18383
-31 18881
225 19918
-160 21326
-159 22208
96 22336
97 22991
-32 23374
-160 23887
-288 24142
-160 24399
-31 24256
97 24000
97 23503
-31 22734
-159 22478
-159 22478
-159 22208
97 21184
97 20175
-31 20174
-160 20288
96 20047
-31 19918
-160 20303
-31 20687
-32 21070
-160 21071
-288 21583
-31 21953
224 22080
97 22720
96 23631
-31 24527
-32 25167
-32 25665
225 26560
97 27855
-31 29121
225 29888
96 30528
97 31168
97 32207
-31 32718
-158 33103
-29 33216
99 33472
99 33728
99 33984
98 33871
-285 33230
-159 32704
97 31936
97 31168
96 30799
-31 30670
-159 29888
97 28367
-31 27073
225 26561
224 25920
97 25280
97 24527
-32 24398
-159 24271
-288 24142
-159 24256
96 24640
96 25167
-32 25679
-32 25934
-159 27087
-32 28224
96 28737
225 29120
353 29633
224 31311
-31 32719
-29 33472
98 34113
227 35264
99 37056
98 38223
-30 38735
-29 39631
-29 40911
-30 41550
-158 42319
-29 42944
99 43727
-29 43726
-157 43470
-157 43214
-157 43471
-30 43598
-158 43343
-30 42561
227 41935
-29 41934
-157 41678
-158 40783
-30 39758
-157 39631
-30 39503
-29 39119
-29 38863
-30 38478
-157 38080
99 37568
98 37199
-30 37454
-157 37824
99 37568
99 37057
227 37056
99 37583
-29 38351
-30 38464
99 38095
-29 38095
-30 38222
-157 37838
-158 37198
-158 36431
-29 35790
-157 35008
98 33857
225 32463
-31 30927
-31 29391
-32 27471
-31 25536
97 24256
96 23360
97 21454
-160 19008
96 16705
225 15296
97 14031
-288 12878
-159 10959
-32 10063
-287 9679
-31 8897
224 8000
97 7118
-160 6479
-31 6336
97 6351
-31 5583
-31 5838
-160 5966
-416 5967
-287 5824
97 6336
96 6991
-32 7246
-159 6848
96 7233
224 7744
97 7872
96 7745
224 7488
96 7503
-31 7374
-160 6976
97 6080
97 5312
97 4303
-31 2753
224 1344
96 79
-17 -305
-18 -1458
-146 -3505
-18 -5042
-146 -6336
110 -7345
-18 -8881
-18 -10176
111 -10545
-18 -10674
-145 -10816
111 -11057
-17 -11826
-145 -12096
111 -11840
111 -11327
239 -10559
238 -9649
-17 -9265
-17 -9265
-17 -9009
-17 -7985
-18 -6834
-146 -6065
-17 -5696
111 -5184
110 -4800
111 -4401
-18 -4273
-18 -4274
-145 -4402
-145 -4402
-146 -4544
111 -4671
239 -5440
110 -6321
-17 -7473
-18 -8640
111 -9536
111 -10033
-18 -10929
-17 -12352
111 -13617
-17 -14385
-18 -14784
110 -15552
110 -16576
110 -16817
-18 -16576
111 -16704
111 -16704
110 -16575
239 -16448
110 -16049
-18 -15793
-18 -15281
-18 -14257
-18 -13248
110 -12992
110 -12721
-17 -11840
111 -10545
-17 -9521
-274 -9138
-145 -8497
-18 -7601
-17 -6976
110 -7089
-17 -6705
-18 -6591
239 -6449
-17 -6706
-146 -7360
110 -7360
110 -8128
111 -9280
110 -10418
-145 -11072
111 -11570
-145 -12338
-145 -13873
-18 -15552
111 -16434
-145 -17458
-146 -18354
-146 -19377
-18 -20145
-17 -20017
-18 -20160
110 -20402
-145 -20288
110 -20160
110 -20160
111 -19775
239 -19008
367 -17984
111 -17201
-18 -16562
-145 -15921
-274 -15025
-18 -13490
-146 -12210
-145 -12082
-146 -11442
-146 -10688
111 -9792
110 -9393
-274 -9394
-145 -9010
-145 -8497
-18 -8625
-273 -8754
-145 -9009
-17 -9535
238 -10944
110 -11954
-145 -12850
-145 -13375
238 -14016
111 -15680
110 -17073
-17 -17714
-145 -18225
-18 -18865
-17 -19762
-145 -20032
110 -20146
-146 -19889
-17 -19761
-18 -19889
-18 -19377
-18 -18865
-18 -18353
-18 -17600
110 -16576
111 -15665
-17 -15153
-18 -15025
-274 -14258
-145 -12850
-145 -11825
-17 -11569
-17 -10815
238 -9920
110 -8881
-17 -8255
239 -8256
367 -8512
110 -8128
111 -8000
111 -8241
-18 -8369
-18 -8896
110 -10176
110 -11456
110 -12480
111 -13120
110 -13746
-146 -15281
-17 -16704
110 -17329
-17 -17984
110 -19122
-145 -20018
-145 -20530
-145 -20274
-146 -20402
-145 -20544
111 -20799
238 -20671
239 -20544
111 -20031
238 -19121
-17 -17713
-273 -16690
-146 -15793
-17 -15409
-17 -14385
-17 -12593
-274 -11185
-18 -10176
111 -9265
-18 -8114
-146 -7345
-17 -7217
-274 -7090
-145 -6720
111 -6207
238 -5824
111 -5952
111 -6193
-18 -6833
-17 -7985
-17 -9024
111 -9792
111 -10546
-146 -11441
-18 -12992
111 -14400
111 -15423
238 -16049
-17 -16433
-18 -17585
-18 -17585
-17 -17202
-145 -16689
-273 -16434
-145 -16433
-18 -16049
-17 -15665
-274 -15025
-18 -14257
-18 -12978
-146 -11968
110 -11456
111 -10816
111 -10048
110 -8895
239 -7999
239 -7744
110 -7345
-17 -6463
239 -5696
111 -5440
111 -5425
-18 -5297
-18 -5042
-146 -5042
-145 -5170
-145 -5169
-17 -5426
-145 -6450
-145 -7488
110 -8383
239 -8498
-146 -8882
-145 -10290
-146 -11697
-18 -12736
111 -12849
-17 -13617
-17 -14641
-17 -15153
-18 -15552
111 -15410
-146 -15282
-145 -15665
-18 -16064
111 -16178
-145 -15666
-145 -14912
110 -13745
-18 -12465
-18 -11441
-17 -11072
111 -10033
-18 -8369
-17 -6449
-17 -5682
-145 -4914
-146 -3762
-146 -2737
-18 -2240
110 -2225
-17 -1841
-17 -1600
111 -1585
-18 -1969
-17 -2368
110 -2993
-18 -4018
-146 -5298
-145 -6450
-145 -7217
-17 -8241
-18 -9393
-18 -11200
110 -12479
239 -13120
110 -14001
-17 -15154
-146 -15538
-145 -15409
-18 -15040
111 -14641
-273 -14641
-274 -14272
111 -14130
-145 -13874
-145 -13362
-146 -12209
-18 -11442
-145 -10801
-18 -10417
-17 -9777
-17 -8511
239 -7488
111 -6961
-17 -6705
-18 -6065
-18 -5041
-17 -4913
-17 -5169
-273 -5169
-17 -5169
-17 -5170
-146 -5553
-17 -5937
-18 -6577
-17 -7730
-146 -8626
-146 -9649
-18 -10162
-146 -10673
-17 -11825
-18 -13490
-145 -14129
-18 -14514
-146 -15282
-146 -16562
-145 -17471
238 -17600
367 -17727
238 -18112
110 -18368
111 -18737
-17 -18737
-18 -18609
-274 -18112
111 -17216
111 -16177
-18 -15026
-146 -14257
-274 -12977
-17 -11313
-17 -9521
-17 -8511
239 -7487
239 -6207
238 -4800
110 -3761
-18 -3506
-145 -2865
-17 -2368
111 -2368
111 -1841
-17 -2112
367 -2879
239 -3647
238 -5055
495 -6207
494 -6848
367 -7231
238 -8383
495 -10048
367 -11071
494 -11712
622 -12223
494 -13248
367 -13887
495 -13888
622 -13504
622 -13504
879 -13375
1007 -13119
1006 -12991
1262 -12736
1135 -12351
1262 -11711
1263 -10560
1390 -10175
1775 -10048
1646 -9919
1775 -9279
1774 -8383
2031 -8255
2287 -8000
2414 -7616
2670 -7359
3054 -7615
3054 -8383
3311 -9023
3822 -9408
3950 -9920
4206 -10688
4719 -11839
4590 -12991
4846 -14784
5487 -16704
5999 -18751
6383 -20288
6767 -21824
7279 -24384
7535 -27200
8047 -29504
8814 -31424
9325 -33855
9964 -36543
10733 -39231
11245 -41280
11884 -43199
12780 -45248
13421 -47935
14061 -50495
15085 -52800
16236 -55487
17388 -58048
18541 -60223
19693 -62272
21100 -64959
22255 -68160
23663 -71488
25198 -74175
26606 -77248
28015 -80960
29551 -85311
31471 -89406
33391 -93501
35054 -98238
36972 -104126
39277 -109885
41708 -116157
44012 -122558
46701 -129853
49135 -137789
51695 -145725
54511 -154941
57324 -164798
60525 -174909
63725 -184896
66924 -195007
70638 -206528
74351 -218943
78060 -231103
82413 -243264
86636 -255935
90607 -269631
95215 -283453
100076 -297406
104813 -311358
110188 -326078
115311 -341566
120687 -357182
126572 -373439
132588 -390592
138863 -407872
145006 -425407
151533 -443712
158575 -462910
165743 -483133
173037 -503870
180846 -524990
188782 -546751
196844 -569791
205294 -594112
214127 -618816
223341 -644158
232303 -670526
242028 -698302
252014 -726718
261740 -756160
271983 -786496
282734 -817856
293996 -850366
305262 -883902
317038 -918463
328940 -954304
341103 -991295
353517 -1028669
366575 -1066813
379628 -1106365
393196 -1147584
406895 -1188928
420972 -1230782
435311 -1273661
450031 -1317951
465132 -1362624
480623 -1407806
495983 -1453629
511725 -1500224
527980 -1547712
544366 -1595837
561134 -1644989
578284 -1694912
595565 -1745215
613102 -1796030
630638 -1847229
648429 -1899328
666732 -1952704
685165 -2006590
703598 -2060224
722287 -2114111
741358 -2169278
760429 -2225213
779500 -2281151
798701 -2337599
818157 -2394941
837615 -2452799
857327 -2511167
877039 -2569022
896878 -2627518
916588 -2686656
936300 -2745790
956013 -2805054
975724 -2864320
995180 -2924223
1014765 -2983485
1034223 -3042111
1053423 -3100736
1072239 -3159102
1091182 -3217341
1109996 -3274943
1128429 -3331392
1146732 -3386814
1164652 -3441599
1181934 -3495871
1199343 -3548222
1216365 -3599165
1232621 -3649088
1248622 -3697599
1264111 -3744829
1279213 -3790398
1293677 -3834942
1307758 -3877311
1321196 -3917760
1334127 -3956286
1346156 -3993022
1357422 -4028349
1368300 -4061376
1378415 -4091968
1387628 -4120255
1396206 -4146879
1404140 -4171197
1411053 -4192830
1417071 -4212029
1422316 -4228798
1426541 -4243517
1429997 -4255294
1432431 -4264510
1433710 -4271038
1434222 -4274621
1433582 -4275390
1431662 -4273086
1429102 -4268478
1425262 -4261054
1420652 -4250301
1414637 -4235839
1407726 -4217791
1399534 -4196800
1390188 -4173247
1379822 -4146110
1368428 -4114877
1355502 -4080063
1341677 -4042047
1326831 -4000574
1310574 -3955390
1293164 -3906495
1274860 -3854015
1255405 -3798334
1234542 -3739070
1212782 -3676352
1189742 -3610558
1165678 -3541184
1140844 -3468480
1114733 -3391805
1087212 -3312064
1059183 -3230270
1029997 -3145280
999788 -3056318
968303 -2964031
936172 -2868669
903151 -2770496
869228 -2670014
834414 -2567104
798572 -2461885
762349 -2354239
724975 -2244415
686828 -2132414
648045 -2017856
608623 -1901630
568686 -1783744
527983 -1664319
486636 -1543357
444909 -1421120
402541 -1297216
360045 -1171262
316780 -1043904
273260 -915646
229487 -787005
185326 -657344
140911 -526144
96110 -393661
51181 -260671
6380 -127155
-38431 7374
-83103 142284
-127648 276557
-172063 410319
-216096 542285
-259871 672717
-303136 799822
-345760 926285
-388127 1053900
-429984 1181007
-471326 1306444
-512158 1430094
-552606 1551951
-592413 1672653
-631327 1791695
-669727 1908172
-707485 2022351
-744733 2134988
-781216 2245966
-816797 2354637
-851486 2461004
-885408 2564431
-918301 2665677
-950303 2765004
-981661 2861518
-1012128 2955085
-1041183 3045327
-1069853 3132109
-1096991 3215310
-1123487 3295693
-1148703 3372748
-1172894 3447119
-1196061 3517901
-1218334 3584844
-1239197 3648718
-1259165 3709646
-1277856 3767628
-1295519 3822031
-1311776 3872847
-1327389 3921359
-1341725 3966668
-1354911 4008652
-1366942 4046926
-1377952 4081999
-1387550 4113743
-1396255 4142543
-1403933 4167885
-1410334 4190285
-1415711 4209868
-1419936 4225869
-1423134 4238668
-1425309 4248012
-1426590 4255052
-1426846 4259405
-1425952 4260429
-1424158 4257869
-1421341 4252621
-1417757 4244684
-1413022 4233550
-1407647 4219598
-1401247 4202703
-1393949 4183247
-1386014 4161615
-1377311 4137164
-1367710 4110156
-1357471 4081100
-1346461 4049614
-1334687 4015311
-1322526 3979085
-1309727 3941069
-1296157 3901644
-1282206 3860047
-1267488 3816270
-1252253 3771341
-1236766 3725389
-1220896 3678031
-1204511 3629519
-1187614 3579468
-1170334 3528524
-1152671 3477199
-1134880 3425359
-1116703 3372236
-1098397 3318479
-1079582 3263567
-1060894 3208524
-1042079 3153100
-1022880 3097166
-1003679 3041230
-984222 2985036
-964765 2928334
-945566 2871118
-926109 2814156
-906655 2757581
-887072 2700366
-867487 2642380
-847776 2584909
-828189 2527694
-808862 2470479
-789790 2412620
-770717 2354894
-751519 2297806
-732576 2241100
-714143 2184653
-695328 2128718
-677022 2072911
-658973 2017485
-641054 1962317
-623647 1907407
-605984 1853517
-588576 1800780
-571550 1748815
-554782 1696590
-538016 1644876
-521888 1594957
-506141 1546447
-490269 1498318
-474783 1450702
-459680 1404493
-444701 1359565
-430367 1315791
-416031 1271503
-402205 1229260
-388768 1189196
-375454 1149516
-362397 1110479
-349727 1072847
-337182 1036365
-325152 1000780
-313502 965708
-302239 931023
-290846 897614
-279711 865999
-269341 835276
-258975 804300
-249246 774220
-239263 745677
-229918 717902
-220829 690126
-212127 662990
-203678 637005
-195360 611916
-187038 587341
-179230 563276
-171680 539981
-164381 516815
-157469 494286
-150687 472526
-144029 451791
-137757 432079
-131872 412748
-125855 393421
-120093 374220
-114848 356941
-109599 340172
-104350 323917
-99614 308046
-95135 293326
-90783 279759
-86304 266830
-82334 254543
-78366 242254
-74397 230350
-70816 219471
-67359 209100
-63904 199501
-60701 190668
-57757 181964
-54942 173644
-52126 165709
-49440 158541
-46624 152141
-44320 145741
-42016 138828
-39839 132556
-37789 126924
-35742 121421
-34077 115663
-32285 110031
-30238 105038
-28574 100175
-27167 95183
-25632 90446
-24224 85582
-22688 81231
-21536 76111
-20256 70734
-19103 66255
-18205 62414
-17053 58575
-15902 54350
-15005 49871
-14366 46158
-13470 42830
-12702 38991
-11806 35406
-11168 32590
-10656 30543
-10015 28623
-9247 26831
-8991 25038
-8352 23375
-7712 22094
-7327 21199
-6687 20687
-6176 20303
-5663 20175
-5663 19662
-5280 19023
-4895 18638
-4767 19151
-4640 19023
-4127 18894
-3744 18254
-3488 18254
-3487 18639
-3104 18254
-3231 17615
-2848 16463
-2592 15951
-2592 15695
-2335 15311
-2335 14543
-2079 13775
-2080 12110
-1951 10446
-1695 9422
-1439 8655
-1568 7759
-1312 6478
-1184 4430
-1440 3407
-1311 2767
-1055 1998
-928 590
-658 -178
-658 -434
-914 -434
-913 -305
-785 -818
-657 -1074
-401 -1585
-530 -1714
-401 -1329
-273 -561
-544 335
-544 1102
-416 1103
-287 1486
-160 3150
-415 4558
-415 5070
-415 5839
-288 6990
-160 7502
-159 8142
-160 8783
-287 8911
-32 9038
-415 8911
-544 8782
-416 8270
-159 7631
-31 6351
-288 4687
-31 3023
-288 1871
-287 1231
-17 -561
-17 -2624
111 -3889
-17 -4416
110 -5312
110 -6066
-146 -6322
-145 -6449
-18 -6065
-17 -5681
-18 -5297
-273 -5426
-146 -5554
-145 -5170
-146 -4786
-145 -3889
-17 -3121
-18 -2225
-274 -1713
-18 -1202
-145 -49
-32 1103
-31 1743
-31 2254
-159 3022
-160 3904
97 4032
96 3918
-159 4303
-287 4544
96 4431
-31 4046
-159 3791
-31 3279
-31 1998
-160 591
-273 -562
-146 -945
-273 -1586
-146 -2752
111 -4401
-17 -5682
-146 -6065
-18 -6833
-18 -7858
-146 -8625
-17 -8768
111 -8255
239 -8242
-145 -8498
-146 -8370
-146 -8369
-18 -8370
-145 -7744
110 -6577
-18 -6080
111 -5681
-17 -5170
-146 -5041
-18 -3761
-17 -2353
-273 -2098
-146 -1714
-146 -689
-31 206
-160 334
-159 448
96 576
97 704
97 718
-160 591
-31 192
111 -305
-18 -1202
-145 -2609
-17 -3633
-17 -4416
110 -5311
238 -6592
111 -8512
111 -9777
-18 -10162
-146 -10944
110 -11968
111 -12849
-274 -12978
-145 -12849
-17 -12850
-146 -12977
-18 -12721
-17 -12608
111 -12337
-18 -11698
-146 -10673
-274 -9408
110 -9138
-146 -8626
-146 -8114
-145 -6962
-145 -5440
111 -4913
-17 -4657
-18 -3762
-145 -2866
-146 -2481
-17 -2353
-17 -2097
-17 -1841
-17 -1586
-146 -1713
-273 -2097
-18 -2481
-274 -3505
-274 -5041
-17 -6449
-17 -6976
110 -7601
-18 -8626
-146 -10673
-274 -11954
-401 -12337
-274 -12977
-17 -13873
-18 -14528
111 -14655
238 -14513
-17 -14641
-274 -14769
-18 -14784
366 -14528
111 -14386
-146 -13746
-145 -12864
111 -11584
110 -10688
110 -10417
-18 -9906
-146 -8113
-17 -6961
-17 -6193
-17 -5696
111 -5169
-18 -4544
111 -4415
239 -4672
111 -4928
111 -5169
-17 -5170
-145 -5425
-18 -6065
-17 -6208
110 -6321
-18 -7089
-274 -7857
-18 -8383
239 -8753
-17 -9778
-146 -11200
110 -11968
110 -12210
-145 -13105
-274 -14257
-18 -15296
111 -15665
-18 -15552
110 -15538
-145 -15410
-145 -15680
110 -15794
-146 -15538
-145 -14897
-18 -14272
110 -13233
-18 -12209
-18 -11697
-18 -10929
-273 -9522
-146 -8114
-145 -7474
-146 -6833
-17 -5937
-274 -4785
-18 -4273
-17 -4401
-18 -4017
-18 -4017
-17 -3633
-18 -3505
-18 -3775
238 -4287
239 -5169
-18 -6848
110 -7857
-17 -8753
-18 -8896
110 -9905
-18 -11200
110 -12480
111 -13376
111 -13873
-18 -14784
110 -15537
-18 -15537
-273 -15154
-145 -14897
-17 -14641
-18 -14769
-274 -14769
-274 -14514
-145 -14130
-146 -12977
-17 -12096
111 -11313
-17 -11058
-145 -10545
-17 -9024
110 -7346
-146 -6065
-18 -5297
-17 -4402
-146 -3249
-273 -2353
-273 -2098
-146 -1984
111 -2112
110 -2482
-145 -3136
110 -3505
-17 -4146
-146 -5042
-145 -5952
111 -6961
-18 -7616
110 -7616
111 -8498
-145 -9778
-145 -11058
-145 -11569
-18 -11968
111 -12608
111 -13120
111 -13120
111 -12850
-145 -12337
-273 -12081
-273 -11825
-17 -11839
238 -11712
110 -10944
110 -9905
-17 -9009
-18 -8127
238 -7857
-18 -7345
-18 -6577
-17 -5425
-18 -4529
-18 -4287
238 -4031
238 -2993
-274 -2226
-145 -1586
-145 -1074
-145 -576
110 -192
96 64
96 335
-32 335
-17 -49
-17 -1073
-17 -2097
-17 -2609
-17 -2865
-17 -3889
-18 -5298
-146 -6833
-18 -7601
-18 -8370
-146 -9394
-145 -10801
-17 -11313
-274 -11455
238 -11200
111 -11072
111 -10801
-17 -10546
-145 -10048
111 -9280
110 -8640
111 -7488
111 -6449
-18 -5568
110 -4800
111 -3122
-146 -1201
-18 -448
96 64
97 960
96 2127
-31 2766
-160 2880
97 3008
97 3023
-31 3023
-32 2881
224 2624
96 2127
-31 1231
-31 207
-17 -817
-18 -1201
-17 -1586
-145 -2609
-17 -4160
111 -5440
110 -6080
110 -6066
-146 -6833
-18 -7104
110 -7104
110 -6848
110 -6577
-18 -6322
-145 -6193
-18 -6336
110 -6065
-17 -5937
-18 -5056
111 -3648
110 -2752
111 -2367
239 -2112
110 -1472
111 -63
224 846
-160 1344
97 1984
352 2880
96 3663
-32 4160
97 4288
97 4815
-32 5198
-160 5455
-32 4943
-32 4687
-31 4559
-32 3663
-32 2382
-160 1856
97 1472
96 591
-18 -946
-146 -2496
111 -3136
110 -3505
-18 -4785
-17 -5952
111 -6193
-18 -5809
-18 -5568
110 -5553
-18 -5568
110 -5297
-17 -5184
110 -5055
239 -4416
111 -3392
110 -2482
-145 -2098
-145 -1586
-146 -192
96 1358
-160 2383
-31 3279
-32 4416
96 5697
480 6721
224 7233
225 7616
96 7759
-32 7744
96 7744
96 7488
96 7232
96 6208
97 4801
225 3264
97 2240
96 1615
-31 719
-17 -817
-18 -1969
-17 -2610
-146 -2993
-18 -4273
-17 -4927
239 -4928
110 -4273
-17 -3904
110 -3776
110 -3264
110 -2737
-18 -2240
111 -1585
-18 -448
96 335
-32 847
-31 719
-32 576
97 1231
-31 2510
-159 3278
-160 3648
96 3919
-31 5071
-32 5711
-31 6081
225 6080
96 6734
-160 6990
-159 7119
-31 6863
-288 6478
-160 6223
-31 5582
-159 4558
-160 3662
-159 2767
-31 1984
96 320
111 -1330
-146 -2225
-17 -2624
110 -3761
-17 -4657
-17 -4913
-18 -4530
-145 -4401
-18 -4544
111 -4671
238 -4800
110 -4530
-146 -4018
-145 -2866
-146 -1713
-274 -946
-145 -562
-145 -817
-17 -63
225 1729
225 3264
96 3919
-32 4430
-159 5582
-159 6607
-31 7104
97 7118
-160 7246
-160 7247
-31 7360
96 6991
-31 6095
-31 5327
-31 4302
-159 2752
97 1743
-32 847
-32 64
110 -1216
110 -2240
111 -2880
110 -3250
-145 -4160
111 -5169
-18 -5568
110 -5553
-18 -5553
-18 -5312
111 -5169
-18 -5297
-18 -5298
-145 -5170
-145 -4913
-18 -4017
-17 -3121
-17 -2880
111 -2624
110 -1984
111 -832
97 448
97 463
-31 974
-159 1486
-160 2639
-31 3008
352 2895
-32 2894
-160 2895
-287 3022
-160 2895
-31 2766
-160 2127
-288 1103
-273 -305
-18 -1457
-17 -2098
-146 -2737
-274 -4018
-145 -5938
-145 -7474
-145 -8256
110 -9152
110 -10162
-146 -10930
-145 -10801
-17 -10816
111 -10802
-145 -11057
-274 -10930
-146 -10673
-273 -10290
-146 -9649
-18 -8640
110 -7872
111 -6962
-146 -6578
-146 -5554
-146 -4273
-17 -3136
111 -2610
-146 -1970
-145 -1073
-17 -562
-401 -50
-145 -64
111 -320
111 -561
-18 -704
111 -1088
111 -1600
366 -2225
-18 -3249
-17 -4402
-146 -5297
-18 -5809
-17 -6450
-146 -7872
110 -9138
-146 -9906
-146 -10432
110 -10944
111 -11825
-18 -12465
-274 -12209
-18 -11697
-18 -11698
-145 -11569
-18 -11441
-17 -11313
-18 -11200
111 -10545
-17 -9521
-18 -8369
-18 -7857
-17 -7473
-17 -7217
-18 -5810
-145 -4657
-17 -4145
-18 -3520
111 -2880
111 -1842
-146 -1202
-146 -1216
110 -960
111 -575
239 -319
239 -305
-17 -306
-145 -817
-274 -1457
-273 -3378
-145 -5184
111 -6208
111 -6976
110 -8369
-17 -10048
111 -11057
-17 -11569
-18 -11953
-17 -12082
-146 -11953
-18 -11441
-17 -11057
-18 -10688
111 -10545
-17 -11058
-145 -11328
111 -11072
110 -10417
-17 -9266
-145 -8000
110 -7360
110 -7616
110 -7616
110 -7103
239 -6464
111 -6464
110 -6321
-18 -5554
-145 -4928
110 -4274
-145 -3633
-17 -2880
110 -1970
-145 -1329
-273 -1088
110 -946
-145 -1073
-17 -1586
-146 -2481
-18 -3263
239 -3392
110 -3761
-18 -5055
238 -7104
111 -8512
111 -9521
-17 -10289
-17 -11583
238 -12736
110 -13233
-18 -13233
-18 -13489
-17 -13632
111 -13617
-18 -13248
110 -12992
110 -12480
110 -11697
-17 -10303
239 -9024
111 -8256
110 -6833
-17 -5169
-17 -3633
-17 -2623
238 -1728
110 -960
96 79
-31 463
-17 -49
-18 -704
111 -818
-146 -946
-146 -1202
-146 -1458
-145 -2353
-273 -3392
111 -4672
110 -5554
-145 -5937
-17 -6450
-146 -7346
-145 -8512
111 -9280
110 -9649
-17 -10033
-17 -10560
111 -11057
-17 -10545
-18 -9906
-146 -9393
-18 -9393
-18 -9664
111 -9521
-17 -9266
-146 -8626
-146 -8113
-274 -7089
-17 -6208
111 -5951
239 -5440
111 -4160
111 -2866
-146 -2225
-17 -1841
-17 -1074
-160 78
-159 719
-31 719
-32 847
-32 1089
225 1472
97 1487
-31 1472
96 1344
97 704
111 -50
-146 -946
-145 -1329
-273 -1586
-146 -2737
-18 -4350
