96 5440
97 5839
-31 6607
-31 6607
-31 6094
-159 5838
-160 4942
-160 3648
97 2767
-31 1984
97 1743
-31 960
110 -433
-18 -1969
-18 -3008
110 -3761
-18 -4544
111 -5425
-17 -5951
239 -5951
238 -5809
-18 -5809
-274 -6066
-145 -5937
-18 -5809
-17 -5681
-18 -5041
-17 -4145
-17 -3122
-145 -2354
-146 -1714
-146 -960
96 576
97 1743
-31 2254
-159 3023
-31 4032
97 4815
-31 5071
-32 5184
97 5312
96 6208
96 6464
96 5967
-31 5583
-32 5199
-31 4545
225 3023
-31 1984
96 1601
224 847
-18 -689
-17 -2353
-18 -3249
-17 -3633
-17 -4416
111 -5425
-17 -5937
-273 -5952
111 -5681
-17 -5951
239 -5952
111 -5952
111 -5440
111 -5169
-18 -4544
110 -3249
-17 -2368
111 -1856
111 -1600
111 -576
96 1088
97 2241
225 2767
-32 3392
96 4416
97 5312
97 5583
-32 5711
-31 5825
225 6081
224 6209
224 6208
97 5568
97 5071
-32 4175
-31 3279
-32 2639
-32 1856
97 1216
111 -49
-18 -1969
-18 -2993
-18 -3249
-18 -4274
-146 -5298
-146 -5568
111 -5696
110 -5809
-17 -5938
-145 -5937
-17 -5937
-18 -5568
110 -5056
111 -4657
-17 -3889
-18 -2751
239 -1856
111 -1329
-17 -562
-159 719
-32 1856
97 2254
-159 3009
224 3905
224 5184
97 5568
96 5455
-31 5582
-160 5967
-32 6222
-160 6223
-31 6095
-32 5440
96 4431
-31 3279
-31 2255
-32 1600
97 1231
-17 -50
-146 -1728
110 -2752
110 -3249
-18 -4274
-145 -5169
-273 -5696
110 -6065
-18 -5809
-18 -5824
111 -6207
238 -5810
-146 -5554
-146 -5298
-145 -4914
-146 -4017
-17 -2866
-146 -2226
-145 -1585
-17 -817
-31 449
224 1856
352 2625
225 3279
-32 3918
-159 5070
-159 5327
-31 5312
97 5568
96 5711
-31 6080
97 6095
-31 5583
-31 5056
97 4559
-31 3278
-160 2382
-159 1472
96 1102
-159 206
-145 -1585
-17 -2866
-146 -3249
-17 -3889
-17 -4913
-17 -5681
-18 -5809
-18 -5809
-17 -5681
-18 -6080
110 -6080
111 -5937
-18 -5809
-273 -5426
-145 -4159
239 -2880
110 -1969
-17 -1600
111 -1087
224 335
-31 1742
-159 2255
-32 2895
-31 4046
-160 5198
-159 5583
-287 5838
-160 5966
-160 6208
97 6336
96 6208
97 5824
97 5582
-160 4942
-159 3791
-31 2510
-160 1856
96 1359
-17 -49
-17 -1585
-17 -2623
238 -3250
-146 -4018
-146 -5297
-18 -6065
-18 -6065
-17 -5938
-145 -5682
-146 -5810
-145 -5937
-18 -5809
-18 -5568
110 -5055
238 -4287
238 -3249
-17 -2368
110 -1727
239 -817
-31 207
-32 1359
-32 2369
225 3008
96 3919
-31 5056
97 5838
-160 5966
-159 6095
-32 5966
-160 6223
-31 6080
97 5839
-32 5710
-159 4800
97 3520
96 2638
-160 1870
-159 1231
-32 320
110 -1202
-146 -2738
-145 -3121
-18 -4017
-18 -5041
-17 -5937
-17 -6208
111 -6208
111 -5937
-17 -5952
111 -6194
-146 -5810
-145 -5440
111 -4928
111 -3904
110 -3007
238 -2240
110 -1728
111 -1329
-32 78
-159 1486
-160 2368
97 2752
96 3392
97 4559
-32 5455
-32 5440
96 5441
225 5568
97 5839
-32 5696
97 5569
224 5185
225 4801
224 3407
-32 2368
97 1728
97 1231
-288 334
-146 -1472
110 -2738
-145 -3377
-17 -4416
111 -5425
-18 -6080
111 -6449
-17 -6193
-17 -6193
-17 -6208
111 -5937
-17 -5937
-17 -5938
-145 -5425
-18 -4544
110 -3249
-18 -2240
110 -1983
238 -1472
111 -49
-32 1358
-159 2255
-32 2624
97 3520
96 4672
97 5312
97 5057
224 5185
225 5824
97 6350
-159 6094
-160 5967
-31 5313
224 4416
96 3151
-32 2112
97 1473
224 833
225 193
239 -1344
111 -2880
111 -3135
238 -4031
238 -5312
110 -6080
111 -6464
110 -6336
111 -6208
366 -6335
239 -6207
239 -6208
111 -5937
-18 -5312
110 -4529
-18 -3520
110 -2481
-17 -2097
-273 -1586
-146 -447
225 975
-32 1871
-32 2383
-31 3264
97 4545
225 5313
225 5312
97 5056
97 5327
-32 5710
-159 5839
-32 5952
97 5568
96 4928
97 3535
-32 2383
-32 1871
-31 1231
-32 335
-18 -1201
-18 -2752
110 -3520
111 -4160
366 -5056
367 -6207
239 -6464
111 -6193
-18 -6322
-146 -6322
-145 -6193
-17 -5938
-145 -5682
-145 -5169
-18 -4786
-146 -3505
-18 -2737
-18 -2225
-18 -1457
-18 -177
-32 1359
-32 2112
96 2895
-32 3662
-160 4686
-160 5455
-32 5440
96 5441
225 5839
-31 6095
-32 6464
97 6336
96 5711
-32 4943
-31 4046
-160 2894
-160 2112
352 1345
224 334
-145 -1073
-273 -2353
-18 -2993
-17 -3634
-145 -4657
-17 -5696
110 -5810
-145 -5937
-18 -5809
-17 -5952
111 -5938
-146 -5553
-18 -5312
110 -5041
-17 -4672
110 -3519
238 -2496
110 -1984
110 -1472
111 -49
-31 1487
-31 2240
97 3023
-31 3791
-31 4545
224 4943
-32 5455
-31 5583
-31 5838
-160 6222
-159 6094
-159 5838
-160 5440
97 5056
96 4160
96 2881
224 2112
97 1472
96 576
111 -832
111 -2367
238 -3263
238 -3776
111 -4671
239 -5951
239 -6193
-17 -6464
111 -6193
-17 -6193
-17 -6208
110 -5810
-146 -5554
-146 -5297
-17 -4401
-17 -3136
110 -2496
110 -1983
239 -1585
-18 -689
-32 847
-288 2127
-287 2511
-32 3406
-159 4288
96 5199
-32 5711
-31 5824
96 5952
97 6351
-32 6464
97 6351
-31 5839
-31 5327
-288 4175
-32 2894
-159 1999
-31 1472
96 591
-18 -945
-18 -2496
111 -3377
-18 -3776
110 -4785
-18 -5824
110 -6336
111 -6193
-18 -5824
111 -5937
-17 -5937
-18 -5824
111 -5682
-146 -5568
111 -4913
-18 -3761
-273 -2610
-146 -2226
-145 -1585
-17 -306
-159 1230
-160 2126
-160 2624
96 3392
96 4160
97 4800
96 5199
-31 5583
-288 5454
-159 5839
-32 6208
96 6208
97 5838
-159 5071
-32 3919
-32 2639
-31 1999
-31 1486
-160 832
110 -704
110 -2240
110 -2994
-145 -3648
110 -4785
-18 -5809
-17 -6208
110 -6065
-17 -5938
-145 -5937
-18 -6080
110 -6080
110 -6080
110 -5809
-17 -5169
-17 -3904
110 -2751
238 -2240
111 -1856
110 -945
-32 846
-160 1856
97 2496
97 3279
-32 4161
225 5056
96 5440
96 5455
-32 5697
224 5696
97 6095
-32 5967
-32 5696
97 5327
-31 4544
96 3151
-31 1999
-31 1486
-159 704
111 -817
-17 -2353
-18 -3264
366 -3520
110 -4273
-17 -5696
111 -6464
111 -6449
-18 -6080
110 -6322
-145 -6449
-17 -6207
239 -5951
239 -5440
111 -4928
111 -3648
110 -2496
110 -1984
111 -1600
110 -689
-31 719
-32 1615
-31 1999
-31 2767
-32 3904
97 4815
-31 5326
-160 5696
352 5696
353 6081
225 6337
225 6336
97 5839
-31 5326
-159 4558
-159 3279
-31 1999
-32 1614
-160 847
-18 -448
111 -2354
-146 -2994
-145 -3648
110 -4544
111 -5440
110 -6336
111 -6208
111 -5696
111 -5937
-18 -6336
111 -6208
110 -6080
110 -5554
-146 -5042
-402 -4017
-18 -2737
-18 -1970
-146 -1457
-17 -562
-159 718
-159 1999
-287 2752
96 3392
96 4416
96 5455
-31 5583
-288 5710
-159 5838
-159 6094
-159 6094
-159 5839
-31 5838
-159 5327
-31 4559
-32 3407
-31 2255
-31 1743
-32 1103
-274 -178
-145 -1856
110 -2737
-17 -3392
110 -4273
-18 -5553
-17 -6193
-18 -6066
-145 -5937
-17 -5937
-18 -6066
-146 -6066
-146 -6066
-145 -5937
-17 -5184
110 -3776
111 -2879
238 -2240
367 -1856
111 -1329
-32 335
-32 1359
-32 2127
-31 2497
225 3776
97 4814
-159 5071
-31 5071
-31 5326
-160 5696
97 6095
-31 5839
-32 5711
-31 5326
-159 4302
-159 2752
97 1984
97 1472
96 576
111 -817
-18 -2481
-18 -3520
110 -4017
-17 -4928
111 -5952
111 -6449
-17 -6719
238 -6336
367 -6463
238 -6335
238 -6592
367 -6464
111 -5937
-18 -5568
111 -4415
239 -3377
-17 -2866
-145 -2353
-17 -1329
-17 -64
96 1615
-31 2255
-31 2752
96 3663
-32 4687
-32 5199
-32 5455
-31 5568
96 5711
-32 5953
224 5697
225 5312
96 4943
-32 3905
225 2767
-31 1743
-32 1344
96 591
-17 -561
-17 -2354
-146 -3249
-17 -3648
111 -4672
367 -5696
110 -6577
-17 -6464
110 -6321
-17 -6464
110 -6335
239 -6463
239 -6464
111 -5952
366 -5567
238 -4800
110 -4031
494 -3519
494 -3008
366 -1983
239 -575
224 576
353 961
224 1601
225 2240
353 3008
353 3520
352 3649
481 4032
608 4160
609 4288
609 4032
608 3649
737 3264
865 2241
736 832
622 -447
1006 -1216
1134 -2239
1263 -3648
1390 -5312
1646 -6848
1647 -8000
1646 -9152
1903 -10815
2030 -11711
2031 -12352
2159 -12352
2415 -12864
2670 -13503
2799 -13887
2799 -14143
3310 -14528
3439 -14911
3566 -14784
3695 -14399
4079 -14399
4334 -14784
4718 -15040
5231 -14655
5359 -14144
5742 -14528
6255 -15168
6766 -15552
7278 -15808
7535 -16704
8047 -18240
8815 -19775
9455 -21311
9967 -22592
10606 -24512
11375 -26944
12143 -29247
12782 -32192
13421 -35903
14316 -39615
15596 -42944
16493 -46143
17389 -50239
18669 -55104
19821 -59455
21229 -63296
22383 -67903
23535 -73024
24943 -77887
26350 -82623
27886 -86976
29551 -91712
31343 -96830
33389 -101949
35309 -107325
37356 -112829
39405 -118590
41581 -124222
44140 -130237
46574 -136637
49134 -143550
51823 -150845
54767 -157502
57453 -164414
60781 -172862
63852 -181439
67308 -190143
70638 -199359
74223 -209216
78447 -220223
82413 -231999
86509 -243776
90988 -256191
95727 -269118
100206 -283070
104812 -297662
109932 -313021
115183 -330045
120815 -346941
126700 -364480
132717 -382528
138863 -401471
145391 -421695
151788 -442304
158574 -463038
165743 -484413
173293 -507197
180719 -530237
188655 -553792
196972 -577215
205294 -601280
213868 -626879
222957 -653117
232174 -679869
241645 -707389
251631 -735550
261996 -764352
272239 -793663
282860 -824255
293871 -855869
305133 -888126
316526 -921024
328813 -954688
340846 -989632
353645 -1025854
366703 -1062718
379756 -1100222
393071 -1139008
406892 -1179327
421101 -1220669
435439 -1262910
449901 -1305664
465004 -1349567
480494 -1394877
496109 -1441085
511981 -1488191
528110 -1536960
544623 -1586749
561133 -1636669
578029 -1687103
595436 -1738687
612846 -1791933
630511 -1845822
648556 -1899455
666861 -1953600
684908 -2009022
703340 -2064576
722030 -2120127
741102 -2176190
760430 -2232765
779500 -2289855
798956 -2347199
818156 -2405053
837612 -2462655
857326 -2520256
877166 -2578109
896750 -2635966
916334 -2694079
936173 -2752318
956012 -2810558
975469 -2868032
995180 -2925247
1014765 -2982718
1034094 -3040192
1053550 -3097279
1072623 -3153469
1091309 -3209534
1109869 -3265343
1128428 -3320768
1146733 -3375166
1164399 -3429184
1182063 -3482175
1199341 -3534653
1216237 -3586110
1232750 -3636927
1248751 -3686464
1264237 -3735357
1279213 -3781950
1293678 -3826877
1307631 -3870784
1321068 -3913664
1333870 -3954621
1346028 -3993278
1357678 -4029630
1368431 -4064575
1378541 -4097088
1387885 -4127039
1396207 -4154432
1404012 -4179133
1411054 -4201662
1417327 -4221758
1422444 -4239038
1426541 -4253757
1429742 -4265406
1432174 -4273853
1433326 -4279230
1433967 -4281917
1433326 -4282045
1431791 -4279101
1429231 -4272445
1425391 -4262206
1420653 -4249406
1415021 -4233792
1407855 -4214591
1399532 -4191424
1389932 -4165568
1379694 -4136893
1368301 -4105022
1355630 -4069311
1341678 -4030399
1326572 -3988157
1310447 -3942718
1293167 -3894079
1274861 -3842368
1255277 -3787582
1234541 -3729469
1212652 -3667903
1189869 -3602494
1165933 -3534400
1140845 -3463744
1114733 -3389502
1087084 -3311296
1058926 -3230142
1029742 -3145919
999661 -3058749
968175 -2968383
935916 -2874814
903023 -2778176
868973 -2678846
834159 -2576703
798701 -2472254
761966 -2364608
724847 -2254399
686828 -2141885
647916 -2026943
608751 -1909821
568559 -1791040
527727 -1670463
486637 -1547837
444653 -1422912
402541 -1296703
359917 -1169726
316525 -1041215
273132 -911039
229356 -779965
185324 -648384
140909 -516160
96365 -382781
51437 -248896
6764 -114100
-38303 20430
-83104 154956
-127647 288204
-171936 420175
-215584 550732
-259232 680269
-302624 806222
-345503 931533
-387872 1056844
-429727 1181647
-471069 1305036
-511902 1427278
-552350 1547854
-592288 1666892
-631455 1784015
-669725 1899724
-707485 2013647
-744480 2125389
-780831 2235086
-816542 2343245
-851231 2449356
-885149 2552782
-918173 2654413
-950304 2754636
-981662 2851919
-1011997 2946252
-1041311 3037647
-1069598 3126348
-1096864 3212111
-1123360 3294285
-1148703 3373005
-1172766 3448654
-1195678 3521357
-1217821 3590349
-1239070 3655758
-1258654 3717710
-1277598 3776332
-1295263 3831758
-1311903 3883726
-1327517 3932110
-1341597 3976909
-1354528 4017996
-1366686 4055375
-1377567 4089294
-1387421 4120271
-1395999 4148174
-1403805 4172492
-1410206 4192588
-1415584 4209484
-1419936 4224076
-1423262 4235596
-1425310 4243789
-1426718 4248908
-1427102 4250957
-1425950 4250701
-1424158 4247628
-1421213 4241613
-1417757 4232653
-1413151 4221390
-1407647 4207567
-1401374 4191310
-1394077 4172495
-1386272 4151375
-1377310 4127564
-1367710 4101453
-1357599 4073421
-1346590 4043342
-1334944 4011342
-1322654 3977293
-1309728 3940940
-1296029 3902668
-1281950 3863119
-1267487 3821519
-1252125 3777996
-1236638 3733068
-1220511 3686606
-1203869 3638990
-1187229 3590092
-1170080 3539532
-1152671 3487694
-1135008 3434574
-1116830 3380557
-1098270 3325518
-1079710 3269966
-1061023 3214028
-1042335 3156940
-1023136 3098958
-1003680 3040591
-984349 2982605
-964894 2924367
-945437 2865614
-925853 2806732
-906398 2747981
-886816 2689614
-867232 2631501
-847648 2573133
-828192 2515023
-808736 2456911
-789534 2399309
-770333 2341838
-751518 2285134
-732575 2229452
-713888 2173773
-695327 2118094
-677279 2063311
-658973 2009549
-640797 1956812
-623264 1904463
-605728 1851980
-588191 1800396
-571293 1749967
-554781 1700047
-538143 1650381
-521760 1601613
-505885 1553615
-490269 1506510
-475040 1460046
-459934 1413965
-444957 1368781
-430368 1323855
-416029 1278671
-402206 1235277
-388896 1194316
-375454 1153612
-362397 1113294
-349856 1073230
-337565 1034188
-325279 996812
-313502 960333
-302111 924367
-290845 889294
-279712 855374
-269213 822988
-258975 791756
-248990 761164
-239264 731725
-229917 702926
-220832 675406
-211869 648654
-203166 622924
-194976 598348
-187038 574796
-179104 551500
-171680 528973
-164382 507470
-157344 487246
-150687 467663
-144157 448206
-137629 429519
-131616 411725
-125728 394573
-120094 377421
-114718 360781
-109599 344780
-104607 329420
-99742 314959
-95005 300751
-90399 286670
-86175 272847
-81950 259151
-78110 245582
-74397 232911
-70687 221390
-67232 209740
-63903 197836
-60574 186701
-57629 176076
-54941 166605
-51999 156877
-49439 147661
-46880 139084
-44448 131661
-42014 124492
-39838 117581
-37661 111052
-35742 105036
-33950 99150
-32159 93903
-30239 89294
-28576 85071
-26911 81102
-25504 77135
-24352 73295
-22815 70350
-21408 67406
-20381 64975
-19229 62158
-18334 59215
-17182 57167
-16157 55247
-15134 52815
-14110 49998
-13469 47567
-12829 45518
-11934 43087
-11294 40527
-10525 38350
-9886 35919
-9501 33230
-8864 30030
-8095 27598
-7840 25679
-7455 23503
-6688 20303
-6176 17231
-6176 14927
-5664 13135
-5152 11086
-4768 9294
-4511 7886
-4512 6734
-4000 5967
-3872 4942
-3488 3918
-3232 3662
-3232 3150
-2719 2766
-2719 2767
-2592 3406
-2207 3791
-2335 4046
-2208 3918
-1951 4559
-1824 5711
-1823 6607
-1823 6607
-1823 6863
-1568 7502
-1439 8142
-1183 8655
-1056 8526
-1183 8399
-1055 8655
-1056 8526
-928 8014
-672 7503
-800 6991
-800 5967
-800 4431
-544 3406
-671 2767
-800 2126
-671 462
-657 -1329
-529 -2354
-401 -3121
-530 -4017
-274 -5553
-274 -6066
-402 -6322
-401 -6194
-145 -6193
-18 -6066
-145 -6193
-274 -6322
-402 -6065
-274 -5298
-146 -4530
-145 -3378
-146 -2482
-146 -1969
-273 -1329
-32 64
97 1487
-32 2126
-160 2638
-159 3535
-32 4686
-160 4942
-160 4672
97 5070
-160 5199
-32 5440
97 5582
-159 5327
-288 4687
-31 4032
96 2624
96 1359
-31 718
-145 -49
-18 -1201
-17 -2880
110 -4017
-17 -4657
-17 -5169
-18 -6322
-146 -7090
-145 -7218
-146 -7089
-18 -7089
-18 -7090
-146 -7104
111 -6705
-17 -6193
-18 -5810
-146 -4786
-146 -3761
-18 -3264
111 -3121
-273 -2098
-146 -690
-160 847
-32 1345
224 1614
-159 2767
-31 4047
-31 4559
-32 4686
-160 4686
-159 5071
-287 5327
-32 5455
-31 5071
-287 4303
-287 3535
-31 2496
96 1358
-159 704
96 64
110 -1201
-17 -2866
-145 -4145
-17 -4672
110 -5298
-146 -6577
-274 -7089
-273 -7217
-274 -7089
-17 -6962
-146 -7089
-18 -7346
-145 -7232
110 -6578
-146 -6065
-18 -5297
-18 -4274
-145 -3648
110 -3250
-146 -2481
-17 -818
-160 591
-32 1344
97 1984
97 2767
-31 3535
-288 4431
-31 4800
97 5070
-159 5326
-159 5327
-31 5326
-160 4942
-160 4174
-160 3662
-159 2496
96 1359
-32 591
-32 79
-18 -1202
-146 -2737
-273 -3889
-17 -4672
111 -5425
-17 -6706
-145 -7473
-273 -7730
-145 -7744
110 -7601
-18 -7858
-145 -7744
111 -7231
238 -7089
-17 -6449
-18 -5553
-18 -4273
-17 -3377
-18 -3249
-18 -2482
-145 -1330
-159 207
-32 847
-31 1472
97 2511
-31 3534
-160 4174
-159 4303
-31 4558
-160 4943
-288 4942
-160 4928
97 4815
-32 4687
-31 3791
-287 2767
-288 1359
-31 463
-273 -49
-18 -1216
110 -2738
-145 -4146
-145 -4657
-17 -5696
111 -6705
-17 -7474
-145 -7729
-18 -7601
-17 -7488
110 -7616
110 -7616
111 -7488
110 -7346
-145 -6449
-274 -5553
-274 -4543
238 -3520
366 -3007
238 -2496
110 -1216
97 448
97 1487
-31 1984
96 2624
96 3649
225 4544
97 4815
-32 5199
-32 5199
-287 5327
-287 5071
-31 4815
-31 4302
-160 3663
-31 2767
-32 1600
96 832
97 192
110 -945
-17 -2354
-146 -3761
-17 -4402
-146 -5042
-146 -6065
-17 -7232
111 -7488
110 -7090
-145 -7217
-17 -7729
-18 -7601
-18 -7089
-274 -6848
110 -6336
110 -5553
-18 -4543
239 -3633
-17 -3122
-145 -2610
-145 -1073
-32 320
96 1088
97 1472
97 2496
96 3919
-32 4416
96 4687
-31 4800
96 4686
-160 4943
-32 5184
96 4943
-32 4430
-159 3791
-32 2383
-32 1359
-288 591
-288 79
-18 -1201
-18 -2738
-146 -4017
-18 -4529
-18 -5297
-18 -6321
-18 -7345
-18 -7857
-17 -7729
-17 -7232
111 -7488
367 -7487
239 -7487
238 -7360
110 -6847
239 -5951
239 -4657
-17 -3648
110 -3249
-18 -2495
238 -1216
97 207
-31 975
-31 1486
-160 2383
-32 3393
225 4047
-32 4431
-31 4800
97 5056
96 5184
96 4928
96 4673
225 4288
96 3648
96 2368
97 1230
-160 590
-160 79
-274 -960
111 -2880
111 -4416
110 -5056
111 -5440
111 -6464
111 -7473
-17 -7488
111 -7487
238 -7616
111 -7744
111 -7729
-18 -7601
-273 -7474
-146 -6833
-17 -5952
111 -4657
-18 -4032
110 -3519
238 -3008
111 -1600
111 -64
97 718
-160 1359
-31 2241
225 3264
353 4032
96 4431
-31 4558
-160 4687
-31 5071
-31 5070
-159 4815
-287 4558
-159 4047
-32 2638
-160 1344
97 449
238 -192
110 -945
-17 -2880
111 -4416
111 -4928
111 -5440
111 -6449
-18 -7601
-18 -8113
-18 -7858
-146 -7360
110 -7601
-18 -7857
-17 -7473
-17 -7473
-18 -6834
-146 -6080
111 -5184
111 -4146
-145 -3377
-273 -2865
-273 -1585
-18 -177
-32 832
97 1216
97 1984
97 3023
-32 3904
97 4302
-159 4303
-31 4544
96 4672
97 5056
97 4544
97 4288
96 3918
-160 2624
97 1472
96 320
111 -63
238 -959
239 -2624
110 -4274
-145 -4913
-17 -5440
111 -6464
111 -7473
-17 -8241
-18 -8114
-145 -7744
110 -7872
110 -7857
-18 -7857
-18 -7602
-145 -7232
110 -6577
-17 -5696
110 -4544
110 -3776
111 -3121
-18 -2225
-274 -434
-160 591
-32 1103
-32 1871
-287 3023
-288 3919
-31 4303
-287 4302
-160 4687
-32 4942
-415 4815
-288 4687
-32 4431
-31 3534
-159 2511
-288 1358
-160 320
111 -320
111 -1329
-18 -2752
111 -4401
-17 -5170
-145 -5682
-146 -6848
111 -7729
-18 -8369
-17 -8497
-18 -8128
111 -8241
-274 -8114
-145 -8256
111 -7986
-145 -8000
111 -7217
-17 -5938
-146 -4529
-18 -4032
110 -3505
-17 -2609
-18 -945
-32 335
-31 719
-31 1216
96 2383
-32 3151
-32 3663
-31 3776
97 3776
97 4047
-32 4175
-32 3918
-160 3407
-32 2895
-31 1999
-31 704
111 -305
-17 -561
-18 -1202
-146 -3249
-17 -4658
-145 -5425
-17 -6194
-145 -7217
-17 -8241
-18 -8625
-17 -8754
-145 -8511
238 -8384
366 -8383
238 -8384
111 -8242
-145 -7729
-273 -6961
-18 -6322
-146 -5056
110 -4529
-18 -4273
-18 -3249
-17 -1586
-146 -178
-159 207
-31 974
-159 1998
-159 2767
-31 3264
97 3534
-159 3791
-32 4175
-32 4160
353 3791
-32 3407
-31 2753
224 1871
-32 591
-17 -319
238 -1216
111 -2112
110 -3519
238 -5297
-18 -6321
-18 -6577
-18 -7857
-18 -8896
110 -9408
110 -9137
-17 -9023
239 -9009
-18 -9137
-18 -9408
111 -9024
110 -8625
-18 -8113
-18 -7104
111 -5951
238 -5312
110 -4799
238 -3775
238 -2240
110 -959
239 -64
352 320
96 1359
-31 2496
97 3023
-32 3150
-160 3407
-32 3648
96 3648
97 3535
-31 3279
-32 2624
97 1999
-31 704
111 -319
239 -1073
-273 -1841
-18 -3263
239 -4928
110 -5823
239 -6463
238 -7089
-18 -8369
-273 -9009
-18 -9138
-145 -9010
-145 -9009
-17 -8753
-18 -8882
-145 -8497
-18 -8113
-17 -7730
-145 -6449
-18 -5312
111 -4401
-18 -4018
-146 -3264
110 -1970
-146 -433
-32 335
-31 975
-31 2255
-32 3137
224 3407
-31 3279
-31 3791
-32 4416
97 4544
97 4288
96 3662
-160 3407
-287 2511
-32 1102
-145 -49
-274 -434
-145 -1074
-145 -2353
-17 -4145
-17 -5425
-18 -5824
111 -6720
111 -7488
111 -8242
-145 -8241
-18 -8113
-17 -8241
-273 -8242
-146 -8113
-18 -7857
-18 -7601
-17 -6961
-274 -5809
-274 -4543
238 -3776
366 -3264
111 -2353
-17 -831
224 576
96 1358
-160 2112
96 2880
96 3919
-32 4431
-32 4673
224 4672
97 4815
-31 4815
-31 5071
-32 4943
-31 4302
-159 3520
96 2127
-31 960
96 335
-18 -689
-273 -1586
-146 -3249
-18 -4529
-274 -5312
110 -6080
111 -7232
110 -7871
239 -8000
366 -8128
110 -8128
110 -8128
111 -8241
-17 -8241
-18 -7857
-17 -7232
110 -6335
238 -5041
-17 -4145
-18 -3761
-18 -3520
111 -2098
-145 -320
96 576
96 1344
97 2254
-160 3406
-160 3905
224 3648
96 3648
97 4033
224 4416
96 4417
225 3776
96 3136
96 2369
225 1472
96 79
-17 -817
-17 -1329
-18 -2737
-17 -4672
111 -5682
-145 -5938
-146 -6833
-17 -8241
-18 -8882
-146 -8882
-146 -8881
-17 -8754
-146 -8881
-18 -8895
239 -8255
239 -7999
239 -7473
-18 -6321
-18 -5312
110 -4544
110 -4031
238 -3263
238 -1728
111 -50
-160 591
-31 1231
-32 2368
96 3392
96 3904
97 4046
-159 4032
96 4175
-31 4302
-160 4431
-31 4032
97 3279
-31 2510
-159 1486
-160 335
-17 -305
-17 -832
111 -2112
110 -3762
-145 -5170
-146 -5810
-146 -6592
111 -7474
-146 -8370
-145 -9009
-18 -8896
110 -8626
-146 -8881
-18 -9152
110 -8881
-274 -8626
-145 -8000
110 -7360
110 -6336
111 -5425
-17 -4927
239 -4159
238 -2737
-18 -1201
-17 -576
97 192
97 960
352 2113
224 2880
96 2638
-159 3023
-32 3407
-31 3278
-159 3521
224 3137
225 2496
96 1600
96 321
239 -832
111 -1599
238 -2240
110 -3520
111 -5425
-17 -6706
-146 -7346
-146 -8114
-145 -9266
-146 -10161
-17 -10545
-17 -10290
-146 -10161
-17 -10303
239 -10289
-18 -9906
-402 -9394
-145 -9009
-17 -8256
110 -7103
238 -6080
111 -5695
238 -5055
238 -3776
111 -2368
110 -1472
110 -946
-145 -50
-159 975
-31 1772
