-160 5455
-31 6080
97 6848
97 7119
-31 7119
-288 6990
-159 6849
224 6465
224 5952
96 5184
96 3919
-32 2639
-32 1600
96 1089
239 -64
111 -2097
-17 -3121
-18 -3776
111 -4416
111 -5440
110 -6592
111 -6705
-18 -6833
-17 -6961
-17 -6706
-145 -6719
238 -6592
366 -6336
111 -5696
110 -4786
-146 -3250
-145 -2112
110 -1713
-18 -946
-159 463
-32 2113
225 3264
97 3791
-31 4559
-31 5839
-31 6336
97 6592
96 6720
97 6863
-32 6991
-31 6848
96 6479
-32 6223
-32 5455
-32 3904
96 2880
97 1742
-159 1231
-287 206
-145 -1586
-145 -3121
-17 -4159
239 -4927
239 -5952
110 -7104
110 -7602
-145 -7474
-146 -7346
-145 -7231
238 -7089
-17 -6961
-273 -6706
-145 -6193
-17 -4914
-146 -3520
111 -2624
110 -2240
111 -1344
97 207
-31 1728
97 2752
97 3535
-31 4289
225 5583
-32 6478
-160 6734
-159 6863
-31 7104
97 7360
96 7233
224 6990
-159 6606
-159 5839
-31 4559
-32 3136
96 2112
96 1600
96 335
-18 -1457
-17 -3121
-17 -3647
238 -4287
239 -5439
239 -6449
-17 -6705
-17 -6720
366 -6833
-18 -7104
111 -7232
111 -6975
238 -6591
238 -5809
-17 -4913
-17 -3890
-145 -2865
-18 -2239
239 -1600
110 -177
-31 1472
97 2497
225 2752
97 3520
97 4800
97 5569
224 5967
-32 5966
-159 6095
-32 6222
-160 6223
-31 6094
-160 5697
224 4928
97 3777
224 2639
-32 1871
-31 1217
224 65
238 -1472
111 -2623
239 -3391
238 -4287
238 -5568
111 -6464
110 -6848
111 -6976
110 -6833
-17 -6720
366 -6847
238 -6577
-18 -6336
111 -5695
239 -4672
367 -3391
239 -2353
-18 -1984
111 -1329
-31 192
96 1856
96 3151
-31 3776
97 4545
225 5569
225 6350
-160 6479
-32 6735
-31 7119
-32 7247
-31 7104
97 6848
96 6208
97 5569
225 4559
-32 3151
-31 1998
-159 1486
-159 448
111 -1329
-18 -2993
-18 -3776
367 -4416
111 -5695
239 -6976
110 -7360
111 -7217
-18 -7090
-146 -7089
-17 -7217
-18 -7104
111 -6705
-18 -6065
-18 -5553
-17 -4402
-146 -3264
110 -2496
110 -1713
-18 -433
-32 1358
-159 2510
-160 3136
96 3904
96 4943
-32 5696
97 6336
96 6464
96 6479
-32 6735
-31 6863
-31 6607
-32 6479
-31 5825
225 4801
224 3392
96 2368
97 1999
-32 1102
-146 -690
-146 -2225
-17 -3135
239 -3904
110 -4800
111 -6208
110 -6592
110 -6592
111 -6464
111 -6449
-17 -6449
-18 -6321
-17 -6194
-146 -5553
-17 -4913
-273 -3634
-146 -2482
-145 -2112
110 -1727
238 -448
96 1615
-31 2752
97 3008
96 3663
-31 5070
-160 5966
-159 6337
225 6336
96 6479
-288 6734
-160 6735
-32 6464
96 5967
-31 5327
-31 4288
97 3008
96 1871
-31 1216
96 335
-18 -1472
110 -2993
-18 -3776
111 -4416
110 -5554
-146 -6834
-146 -7345
-18 -7360
366 -7104
111 -6961
-17 -6961
-17 -6720
110 -6336
111 -5696
110 -4800
111 -3633
-18 -2738
-146 -1984
110 -1201
-32 79
-31 1743
-31 3023
-32 3663
-32 4416
96 5440
97 6336
97 6607
-31 6863
-31 6863
-32 6991
-32 6976
97 6863
-32 6464
96 5967
-31 5070
-160 3919
-31 2511
-32 1615
-32 847
-18 -704
110 -2481
-18 -3520
111 -4146
-146 -5041
-17 -6207
238 -6847
239 -6961
-17 -6961
-18 -7090
-146 -7090
-146 -7104
111 -6720
111 -6194
-145 -5695
238 -4287
239 -3121
-18 -2482
-146 -1984
110 -689
-31 975
-32 2382
-160 2895
-31 3264
96 4417
224 5441
224 5953
225 6080
96 6222
-159 6606
-160 6720
96 6465
224 6222
-159 5583
-32 4416
96 3151
-31 2254
-160 1871
-288 833
239 -817
-17 -2610
-145 -3648
111 -4160
110 -5312
111 -6193
-17 -6961
-18 -6848
110 -6577
-17 -6706
-145 -6961
-18 -6577
-18 -6080
111 -5682
-145 -5169
-18 -4017
-17 -2865
-18 -2226
-146 -1458
-145 -562
-159 1231
-32 2895
-31 3279
-31 3791
-32 4686
-159 5838
-159 6351
-287 6351
-31 6350
-159 6592
97 6606
-159 6606
-160 6222
-159 5838
-160 4943
-32 3407
-32 2383
-31 1473
225 705
238 -689
-18 -2225
-18 -3761
-18 -4529
-17 -5170
-145 -6449
-17 -7217
-18 -7345
-17 -7232
111 -6975
238 -6833
-17 -6976
110 -6848
110 -6321
-17 -5681
-18 -4544
111 -3392
111 -2610
-146 -1969
-18 -946
-159 719
-288 2127
-31 2766
-160 3407
-32 4431
-31 5583
-32 6222
-159 6607
-288 6735
-31 6848
97 6863
-31 6863
-32 6720
97 6095
-31 5327
-31 4032
97 2767
-31 1999
-32 1344
110 -434
-146 -2225
-18 -3520
110 -4017
-17 -4913
-17 -6208
110 -6833
-18 -7089
-273 -6961
-274 -6834
-145 -6976
111 -6976
110 -6578
-146 -6336
110 -5823
239 -4672
111 -3392
111 -2610
-145 -1842
-146 -959
225 463
-32 1871
-32 2624
96 3407
-32 4431
-31 5312
96 5967
-31 6095
-32 6208
96 6720
97 7104
96 6721
224 6479
-31 6080
96 4943
-31 3279
-32 2112
97 1743
-31 718
-146 -448
110 -1969
-17 -3392
111 -4145
-18 -5042
-145 -5937
-18 -6592
110 -6848
110 -6848
111 -6720
366 -6848
111 -6706
-146 -6322
-145 -5938
-145 -5439
238 -4785
-17 -3377
-18 -2481
-18 -1969
-18 -945
-31 704
97 2240
97 3023
-32 3648
97 4558
-159 5838
-160 6479
-32 6464
353 6593
224 6991
-288 6991
-32 6720
97 6593
225 6080
353 5312
97 3776
96 2624
97 1728
97 1216
110 -192
111 -2112
110 -3505
-18 -4018
-145 -4913
-18 -6065
-17 -6720
110 -6834
-145 -6976
110 -7103
238 -7089
-17 -6705
-274 -6578
-146 -6322
-145 -5681
-18 -4530
-145 -3377
-274 -2496
111 -1855
238 -959
225 705
224 2127
-32 2638
-159 3264
97 4289
225 5583
-31 6081
225 6080
96 6479
-31 6849
225 6848
97 6863
-31 6592
96 5967
-32 4943
-32 3663
-31 2255
-31 1472
96 833
238 -191
238 -1984
111 -3392
111 -4160
111 -4913
-18 -6065
-17 -6975
238 -7359
239 -6975
239 -6961
-17 -6961
-18 -7089
-17 -6720
111 -6464
111 -5937
-17 -5184
111 -3890
-146 -2737
-18 -2240
110 -1728
110 -192
96 1600
96 2638
-159 3023
-31 4032
96 5184
352 5966
-159 6080
97 6080
96 6464
97 6592
97 6336
96 5952
97 5568
97 5071
-31 3791
-287 2510
-160 1600
97 960
111 -320
111 -1842
-145 -3392
111 -3903
238 -4544
110 -5810
-145 -6962
-145 -7232
111 -7231
238 -7103
239 -6961
-17 -7218
-145 -6961
-273 -6450
-145 -5952
110 -4800
110 -3520
111 -2609
-18 -1969
-18 -1457
-32 65
224 1856
97 2767
-32 3392
96 4160
96 5440
96 6209
224 6720
96 6478
-160 6479
-31 6593
224 6465
224 6209
481 5824
353 5313
224 4161
225 2752
96 1600
96 832
111 -64
111 -2097
-18 -3761
-17 -4146
-145 -4658
-146 -6066
-145 -6961
-17 -7473
-18 -7345
-18 -7090
-145 -7217
-18 -7089
-18 -6847
239 -6719
239 -6208
111 -5184
110 -3776
110 -2737
-17 -2354
-146 -1457
-32 79
-31 1743
-32 2894
-159 3535
-31 4559
-31 5583
-31 6351
-32 6464
96 6464
97 6607
-31 7104
97 7104
97 6862
-159 6351
-288 5696
96 4417
225 3265
224 2383
-32 1871
-32 590
-145 -1330
-146 -3007
239 -3903
239 -4159
239 -5440
110 -6592
110 -6847
239 -6720
110 -6848
110 -7103
238 -6847
239 -6719
238 -6577
-17 -5937
-17 -5184
111 -3648
110 -2481
-18 -1969
-18 -1458
-146 -178
-159 1728
97 2752
97 3265
224 3919
-31 4815
-32 5696
96 5953
225 6081
224 6479
-31 6606
-160 6735
-31 6607
-32 5966
-160 5198
-160 3919
-31 2511
-287 1999
-32 1358
-160 334
-146 -1714
-146 -3249
-17 -3890
-145 -4402
-146 -5042
-145 -6193
-18 -6833
-18 -7089
-17 -6962
-145 -6962
-145 -6976
111 -6720
110 -6321
-17 -5682
-145 -4913
-17 -3633
-17 -2610
-146 -2225
-18 -1472
110 -177
-32 1600
97 3008
96 3392
97 4032
352 5185
224 5952
97 6336
96 6209
224 6464
96 6991
-32 6991
-32 6990
-160 6479
-31 5582
-160 4416
96 3151
-32 2112
97 1729
225 705
239 -1344
110 -3249
-17 -3903
239 -4401
-18 -5567
239 -6975
238 -7601
-17 -7488
111 -7488
111 -7217
-18 -7360
110 -7359
239 -6975
239 -6463
239 -6208
367 -4927
495 -3648
622 -3263
495 -2623
495 -1599
481 192
352 1345
224 1857
480 2369
737 3520
608 3905
737 4033
737 4289
480 4672
609 4800
608 4673
737 4033
736 3649
737 2753
992 1345
1263 -63
1263 -1088
1391 -2111
1519 -3391
1262 -5568
1391 -7487
1775 -8511
2030 -9408
2158 -10943
2030 -12735
2286 -13759
2287 -14399
2542 -14783
2799 -15423
3311 -15935
3566 -16576
3950 -16832
4207 -16960
4462 -17088
4462 -16832
4974 -16576
5230 -16831
5614 -17088
5999 -17215
6383 -16704
6766 -16576
7278 -17344
7534 -18111
8175 -18496
8815 -19008
9327 -20543
9966 -21952
10606 -23743
11246 -25536
12143 -27456
12910 -29888
13677 -32831
14572 -36032
15469 -39744
16749 -43840
17261 -47936
18540 -51648
19821 -55872
21100 -60864
22639 -66624
23662 -71616
25199 -76351
26607 -81471
28143 -87104
29807 -92480
31599 -97342
33389 -102462
35437 -108094
37484 -114110
39276 -120254
41836 -126142
44398 -132541
46574 -138941
48878 -145086
51823 -151614
54639 -159037
57581 -166973
60653 -174910
64108 -182720
67436 -191167
70639 -200511
74223 -210496
78190 -220351
82157 -231232
86380 -242879
90861 -255552
95598 -268734
100206 -282046
105069 -296253
110060 -311229
115181 -326973
120814 -343486
126572 -361151
132588 -379840
138606 -398784
145263 -417855
152045 -438079
158959 -459838
165998 -482494
173165 -504894
180847 -527677
189167 -551488
196972 -576448
205423 -601664
214125 -627008
223085 -653374
232303 -680254
241773 -708158
251758 -736446
261996 -765631
272366 -795583
282861 -826431
293870 -857533
305389 -889405
316911 -922687
328941 -956992
341359 -992063
353517 -1027134
366446 -1063357
379885 -1101373
393198 -1140415
407023 -1179967
421101 -1220158
435566 -1261757
450285 -1304640
465260 -1348543
480494 -1393342
495981 -1439037
511981 -1485888
528239 -1534015
544494 -1583038
561005 -1633086
578157 -1684544
595310 -1736383
612847 -1788477
630510 -1841598
648556 -1896384
666476 -1951935
685036 -2007230
703599 -2062656
722542 -2119103
741359 -2176062
760174 -2233277
779500 -2290624
798829 -2347839
818157 -2405438
837740 -2463424
857455 -2521664
876910 -2580158
896623 -2638141
916463 -2696256
936047 -2754109
955884 -2811837
975596 -2869696
995181 -2927679
1015020 -2984893
1034222 -3041472
1053295 -3097920
1072495 -3154493
1091309 -3210814
1110124 -3265984
1128557 -3320384
1146479 -3374653
1164526 -3428287
1182190 -3481535
1199597 -3533629
1216236 -3584701
1232623 -3634751
1248751 -3683647
1264108 -3731902
1279085 -3778877
1293807 -3824701
1307887 -3868736
1321325 -3910719
1333999 -3950910
1346156 -3989950
1357679 -4027453
1368301 -4062784
1378670 -4095168
1387885 -4125760
1396334 -4154048
1404013 -4179773
1410799 -4202558
1416814 -4222398
1422188 -4239805
1426669 -4254525
1429999 -4266557
1432302 -4275645
1433839 -4281661
1434095 -4284734
1433710 -4284350
1432175 -4280893
1429230 -4274365
1425390 -4265149
1420525 -4252222
1414764 -4235456
1407599 -4215615
1399532 -4193216
1390189 -4167232
1379694 -4137662
1368173 -4104766
1355374 -4068799
1341679 -4029760
1326701 -3987773
1310702 -3941822
1293422 -3892671
1274861 -3840575
1255405 -3785278
1234541 -3726654
1212525 -3664959
1189868 -3600318
1165933 -3532351
1140973 -3460415
1114605 -3385662
1087342 -3308223
1059054 -3228093
1029868 -3144383
999661 -3056958
968046 -2966720
936044 -2874301
903150 -2778560
868972 -2678974
834414 -2576831
798701 -2472510
762223 -2365247
724719 -2255423
686573 -2143549
647661 -2028863
608494 -1911998
568686 -1792959
527853 -1671744
486508 -1548990
444781 -1424960
402285 -1299264
359789 -1171261
316909 -1041983
273389 -911934
229484 -780989
185324 -648895
141037 -515904
96108 -382397
51437 -248384
6508 -113587
-38175 21455
-82975 156364
-127648 290124
-171936 422734
-215712 554317
-259359 683468
-302752 808526
-345247 933325
-387615 1059532
-429472 1184847
-471070 1307981
-512030 1429838
-552349 1550031
-591904 1668685
-631071 1785550
-669597 1900237
-707358 2013006
-744352 2124621
-780831 2234574
-816541 2342604
-851103 2448332
-885149 2552015
-918047 2653135
-950045 2752205
-981791 2849487
-1011997 2944205
-1041439 3036111
-1069597 3124684
-1096861 3209679
-1123360 3291725
-1148448 3371341
-1172765 3447759
-1196062 3520077
-1218078 3589196
-1238941 3655374
-1259165 3718351
-1277725 3777485
-1295392 3832911
-1311775 3885006
-1327263 3933647
-1341725 3978700
-1354656 4020301
-1366557 4058318
-1377440 4092751
-1387293 4123855
-1395999 4150990
-1403549 4175053
-1410079 4196044
-1415327 4213964
-1419933 4228045
-1423390 4238156
-1425309 4245964
-1426334 4250956
-1426589 4253133
-1425694 4251981
-1424157 4247756
-1421214 4241229
-1417757 4232653
-1413152 4221006
-1407647 4206798
-1401245 4190159
-1394205 4170959
-1386272 4149326
-1377182 4125516
-1367710 4099916
-1357727 4072140
-1346462 4041806
-1334688 4009295
-1322525 3974605
-1309472 3938892
-1295774 3901517
-1281822 3861583
-1267231 3819983
-1252125 3777484
-1236637 3732941
-1220639 3686863
-1204254 3639118
-1187229 3590092
-1169824 3540300
-1152416 3488847
-1134879 3436495
-1116702 3382860
-1098397 3328462
-1079710 3273038
-1060767 3216333
-1041952 3159373
-1022752 3102031
-1003551 3044559
-984349 2985933
-964893 2926798
-945309 2867407
-925725 2809293
-906526 2750285
-886816 2690638
-867231 2631373
-847904 2572621
-828447 2514639
-808992 2456654
-789661 2398668
-770718 2341198
-751517 2284239
-732701 2227660
-713888 2171724
-695456 2116431
-677407 2062542
-658846 2008652
-640925 1954764
-623519 1902030
-605856 1850444
-588447 1799629
-571421 1749454
-554653 1699278
-538271 1650125
-522016 1602125
-505886 1554510
-490144 1507407
-474911 1460943
-459549 1415116
-444830 1370444
-430240 1326414
-416157 1281743
-402206 1238348
-388768 1197644
-375453 1156812
-362399 1116110
-349855 1076943
-337438 1038669
-325151 1000652
-313245 962764
-301984 926543
-290845 891598
-279968 857678
-269470 824397
-259104 791884
-249246 761165
-239391 731597
-229917 702671
-220704 674383
-211998 647503
-203551 621517
-195360 596301
-187166 572237
-179232 549197
-171808 527436
-164509 506063
-157472 484942
-150432 464975
-143901 446414
-137629 428751
-131615 411085
-125727 393420
-120222 376908
-114845 361164
-109472 345676
-104608 330829
-99614 316239
-95006 302158
-90527 288462
-86432 275278
-82335 262350
-77981 249550
-74397 237263
-70943 224974
-67488 212813
-64032 201549
-60701 191181
-57885 180684
-54942 169805
-52256 159564
-49567 150733
-46880 142156
-44448 133453
-42014 125261
-39965 118220
-37789 111820
-35741 105420
-33694 99407
-32032 93774
-30368 88399
-28704 83534
-27295 79311
-25632 75599
-24095 72399
-22816 69198
-21408 66127
-20509 62926
-19358 60751
-18205 59086
-17053 57039
-16157 54734
-15518 52558
-14493 50639
-13854 48975
-12830 46670
-11933 44494
-11166 42575
-10525 40654
-9885 38607
-9501 36303
-8733 34255
-8223 31951
-7712 29007
-7200 26191
-6688 24142
-6560 22350
-6304 19790
-5792 16462
-5279 13774
-5023 12238
-4767 10703
-4383 8398
-4256 6479
-3872 5455
-3615 4815
-3360 3918
-3231 3279
-2848 2638
-2720 2382
-2719 2255
-2335 2254
-2207 2255
-2080 3151
-1823 3790
-1952 3918
-1696 4174
-1439 5327
-1567 7119
-1312 8014
-1439 8143
-1311 8654
-1184 9551
-1311 9934
-928 10062
-927 9934
-927 10191
-800 10063
-799 9935
-799 9678
-928 9038
-672 8271
-544 6734
-671 5326
-672 4430
-415 3790
-416 2382
-415 463
-273 -1073
-18 -1969
-530 -2738
-402 -3762
-146 -5298
-145 -5938
-401 -5682
-402 -5553
-273 -5938
-402 -6065
-273 -5682
-145 -5682
-145 -5170
-402 -4274
-401 -3121
-274 -1970
-401 -1330
-401 -817
-287 462
-160 2127
-31 3279
-287 3791
-31 4559
-32 5696
97 6592
97 7119
-287 7118
-159 7118
-159 7374
-160 7246
-160 6991
-287 6351
-32 5696
96 4430
-160 3150
-160 2126
-160 1871
-288 846
-146 -960
111 -2353
-18 -3250
-146 -4018
-145 -4914
-146 -5809
-274 -6321
-273 -6464
110 -6321
-18 -6066
-145 -6194
-146 -6080
111 -5682
-145 -5184
111 -4401
-17 -3121
-274 -1969
-274 -1458
-146 -945
-32 78
-160 1871
-288 3151
-32 3663
-32 4174
-159 5327
-287 6606
-160 6991
-31 7104
96 7247
-32 7247
-32 7503
-31 7119
-31 6351
-31 5839
-32 4672
97 3264
96 2383
-31 1742
-159 974
-145 -817
-273 -2609
-273 -3633
-18 -4017
-17 -5170
-145 -6464
111 -6976
111 -6961
-273 -6962
-401 -7217
-17 -7232
110 -6848
110 -6577
-18 -6321
-273 -5425
-274 -4017
-274 -2993
-273 -2354
-146 -1714
-145 -306
-160 1359
-32 2624
97 3022
-159 4046
-159 5071
-32 5952
97 6336
97 6350
-159 6862
-160 7503
-31 7631
-32 7247
-31 6863
-31 6095
-32 5199
-32 3648
97 2511
-32 1870
-160 846
-146 -690
-146 -2481
-18 -3505
-18 -4032
111 -4913
-17 -5938
-146 -6578
-146 -6321
-18 -6321
-17 -6449
-274 -6578
-145 -6450
-146 -6065
-17 -5681
-273 -5425
-18 -4288
110 -2752
110 -2240
110 -1713
-17 -817
-287 1230
-159 2767
-32 3151
-32 3648
96 4686
-160 5711
-32 6479
-32 6478
-160 6720
97 6848
97 6863
-31 6592
97 6081
225 5568
96 4687
-288 3406
-159 2240
96 1615
-32 847
-18 -960
110 -2752
110 -3505
-18 -4288
110 -5311
239 -6208
110 -6848
110 -6848
111 -6705
-18 -6848
110 -7104
110 -6833
-18 -6592
111 -5952
110 -5297
-18 -4032
110 -2738
-146 -1969
-274 -1201
-17 -50
-160 1358
-160 2895
-31 3520
96 4160
97 5327
-31 6351
-31 6592
96 6735
-31 6862
-416 7247
-287 7118
-415 6862
-160 6479
-31 6080
97 5056
96 3663
-32 2638
-160 1856
96 1088
110 -448
110 -1969
-18 -3250
-146 -4032
110 -5041
-18 -6321
-17 -7217
-17 -6961
-18 -6834
-146 -6834
-146 -7090
-146 -6847
238 -6336
110 -5809
-274 -5298
-145 -4401
-17 -3136
110 -2481
-17 -2112
111 -1073
-31 719
-288 1871
-288 2638
-160 3407
-31 4559
-32 5711
-32 6208
96 6208
96 6209
225 6593
224 6721
225 6592
96 6223
-31 6094
-160 4943
-31 3535
-32 2383
-32 1600
96 1089
238 -447
238 -2482
-146 -3506
-146 -4017
-18 -5041
-273 -6193
-274 -6833
-274 -6833
-18 -6848
110 -6848
111 -6719
239 -6719
238 -6335
239 -6193
-18 -5553
-17 -4402
-145 -3121
-18 -2239
238 -1728
110 -959
225 974
-159 2240
97 2753
225 3520
96 4416
96 5441
224 5953
224 6208
96 6464
96 6734
-160 6734
-159 6606
-160 6223
-32 5696
96 4686
-159 3279
-32 2127
-32 1615
-31 719
-18 -690
-146 -2240
111 -3648
111 -4145
-17 -4913
-274 -6066
-146 -6848
111 -6961
-18 -6833
-18 -6833
-17 -6961
-18 -6834
-146 -6577
-18 -6065
-274 -5298
-145 -4145
-18 -3250
-145 -2353
-17 -1585
-18 -945
-288 591
-288 2382
-159 3023
-31 3535
-31 4559
-31 5839
-31 6606
-160 6991
-288 6990
-159 7118
-159 7375
-31 7361
225 6848
97 6080
96 5185
224 3904
96 2894
-160 2127
-31 1217
239 -64
111 -1842
-145 -3136
110 -4032
111 -4914
-145 -6207
238 -6847
238 -6848
110 -6592
111 -6719
239 -6976
111 -6961
-18 -6833
-17 -6449
-18 -5554
-145 -4416
110 -3506
-145 -2866
-145 -2098
-145 -1074
-160 335
-31 1728
97 2767
-32 3136
97 4288
96 5440
96 5966
-160 5967
-31 6336
97 6606
-160 6734
-160 6735
-32 6478
-160 6222
-159 5327
-32 3919
-288 2383
-287 1743
-287 1230
-146 -178
-146 -1969
-18 -3249
-18 -3776
110 -4544
110 -5824
110 -6848
110 -6834
-146 -6833
-18 -6592
111 -6705
-17 -6449
-18 -6065
-18 -5824
110 -5553
-17 -4672
111 -3377
-17 -2353
-18 -1969
-17 -1330
-160 335
-31 1728
96 2639
-31 3264
96 4430
-159 5326
-159 6095
-31 6351
-31 6337
224 6478
-159 6607
-32 6734
-159 6337
224 6208
97 5312
96 3919
-32 2638
-159 1998
-159 1230
-146 -177
-18 -1713
-18 -3263
239 -3904
111 -4672
111 -6208
110 -7089
-17 -7217
-273 -6961
-18 -7090
-146 -7089
-273 -6962
-146 -6833
-17 -6194
-145 -5682
-145 -4914
-146 -3761
-17 -2866
-145 -2097
-17 -1330
-159 463
-31 1984
96 2881
224 3663
-31 4544
97 5825
225 6351
-32 6478
-159 6351
-31 6592
96 6735
-32 6734
-160 6720
96 6479
-32 5711
-288 4430
-159 3008
96 2126
-160 1614
-160 591
-18 -1458
-146 -2993
-274 -3761
-274 -4273
-274 -5297
-18 -6322
-145 -6961
-18 -7104
111 -6976
111 -6705
-17 -6720
110 -6834
-146 -6321
-273 -5426
-145 -4657
-17 -3633
-17 -2609
-17 -1842
-145 -1330
-146 -178
-160 1614
-160 2638
-160 3150
-159 4032
97 5327
-31 6094
-159 6081
224 6223
-32 6734
-160 6991
-31 7118
-159 6607
-31 6350
-160 5455
-32 4175
-32 2881
225 1985
225 1472
96 335
-18 -1458
-146 -2994
-146 -4018
-145 -4416
110 -5567
239 -6464
111 -6961
-17 -6705
-18 -6577
-17 -6706
-145 -6720
110 -6336
110 -6321
-274 -5553
-273 -4671
238 -3519
238 -2737
-17 -1841
-274 -1457
-17 -64
97 1742
-160 2895
-288 3407
-288 4161
225 5056
97 6351
-31 6606
-160 6464
96 6735
-32 6990
-160 6976
97 6593
224 6209
225 5568
97 4303
-32 2895
-31 1728
97 1216
96 320
110 -1457
-17 -3121
-17 -3904
110 -4529
-18 -5809
-17 -6976
111 -7217
-18 -7089
-17 -7218
-145 -6976
111 -6976
110 -6592
111 -6449
-18 -6065
-17 -5169
-274 -3761
-17 -2624
110 -1984
111 -1600
111 -305
-32 1359
-32 2382
-159 3279
-32 4175
-31 5327
-31 6080
97 6351
-32 6478
-159 7118
-160 7232
97 7104
97 6592
97 6095
-32 5455
-31 4303
-31 3023
-32 2383
-32 1615
-32 576
110 -1201
-17 -2880
111 -3648
111 -4415
238 -5568
111 -6719
238 -7360
366 -7089
-17 -6962
-146 -7090
-146 -7104
111 -7217
-18 -6591
238 -5823
239 -5169
-17 -3890
-145 -2865
-18 -2240
111 -1841
-17 -576
97 1231
-32 2639
-288 2895
-287 3520
97 5071
-32 5967
-31 6094
-160 6223
-31 6350
-160 6479
-31 6606
-159 6350
-160 5967
-31 5327
-32 4160
96 2895
-32 1871
-287 1230
-160 320
110 -1457
-17 -3121
-18 -3776
111 -4415
239 -5425
-18 -6577
-18 -7089
-17 -6976
110 -6591
239 -6720
110 -6847
238 -6592
110 -6336
111 -5937
-17 -5440
111 -4159
238 -2738
-145 -1842
-145 -1329
-17 -305
-32 1359
-31 2752
96 3663
-31 4303
-31 5327
-32 6208
96 6479
-32 6720
96 6720
96 6976
96 6720
96 6479
-31 6350
-160 5710
-160 4686
-159 3279
-31 2254
-160 1615
-32 847
-17 -1329
-18 -3008
110 -3776
110 -4018
-145 -5169
-274 -6321
-17 -6962
-145 -6962
-146 -6833
-18 -6848
110 -7104
111 -6705
-18 -6591
238 -6066
-145 -5426
-146 -4274
-146 -2993
-17 -2097
-18 -1713
-17 -561
-31 975
-31 2255
-31 3023
-32 3393
224 4672
97 5569
225 6337
224 6465
224 6735
-31 7118
-160 6991
-31 6607
-32 6464
96 5952
97 4800
96 3649
225 2753
225 1984
96 847
-17 -817
-17 -2609
-18 -3505
-18 -4274
-146 -5312
110 -6336
110 -6833
-18 -7089
-18 -6833
-18 -6834
-145 -6706
-145 -6464
110 -6079
238 -6080
110 -5312
110 -4287
238 -3008
110 -1969
-17 -1585
-17 -818
-160 832
97 2240
96 2894
-159 3535
-32 4686
-159 5582
-160 5952
96 6208
96 6464
96 6720
97 7119
-32 6734
-160 6223
-31 5569
225 4288
353 3009
224 2112
97 1486
-159 719
-17 -818
-145 -2610
-145 -3889
-17 -4416
111 -5183
238 -6592
110 -7359
238 -7616
110 -7360
110 -7090
-145 -6961
-18 -6833
-17 -6720
110 -6336
110 -5809
-17 -4657
-18 -3519
238 -2751
238 -2240
111 -1344
97 449
224 1857
224 2624
97 3469
