111 -3135
238 -2993
-17 -2610
-145 -2353
-18 -2752
111 -2880
110 -2751
239 -2368
111 -2112
110 -1984
110 -1984
111 -1600
111 -1074
-146 -690
-145 -320
96 79
-31 192
97 705
224 833
225 1231
-32 1344
97 1473
225 1487
-32 1615
-32 1600
96 1359
-32 1359
-32 1103
-31 719
-32 334
-145 -49
-18 -448
111 -817
-18 -960
111 -1329
-17 -2112
111 -2354
-146 -2481
-17 -2610
-145 -2865
-18 -3008
110 -3007
239 -3135
239 -3136
366 -3249
-18 -2993
-17 -2880
110 -2737
-17 -2368
110 -1983
239 -1330
-145 -1074
-145 -561
-17 -64
96 78
-159 206
-160 576
96 832
97 1216
97 1487
-31 1472
97 1487
-31 1472
97 1472
353 1487
-31 1231
-31 975
-32 832
97 462
-145 -49
-18 -703
239 -1087
239 -1330
-146 -1458
-145 -2112
111 -2368
111 -2354
-146 -2737
-18 -3008
111 -2880
111 -2865
-18 -2993
-274 -3249
-17 -3121
-17 -2879
238 -2481
-273 -2354
-146 -1984
111 -1599
239 -1600
110 -1201
-18 -448
110 -448
111 -49
-31 192
97 463
-31 704
97 975
-32 1344
97 1743
-31 1742
-160 1870
-160 1871
-31 1472
96 1089
225 975
-32 591
-32 79
-18 -177
-17 -561
-18 -946
-146 -1471
239 -1855
238 -2225
-17 -2368
110 -2481
-18 -2737
-18 -3008
367 -3135
238 -3008
111 -3121
-17 -3121
-17 -3377
-273 -2866
-146 -2738
-145 -2353
-18 -2225
-17 -1841
-18 -1472
111 -1329
-17 -1074
-145 -561
-17 -49
-31 207
-32 335
-31 960
96 1344
97 1487
-31 1487
-32 1345
225 1729
225 1473
224 1359
-32 1089
224 833
480 576
96 591
-17 -49
-18 -689
-18 -960
110 -1471
238 -1471
238 -1983
238 -2225
-17 -2609
-18 -2752
111 -2865
-18 -3008
110 -3249
-18 -3249
-17 -3121
-18 -3008
111 -2880
111 -2609
-17 -2367
239 -2111
239 -1856
110 -1457
-18 -960
110 -704
110 -447
224 64
96 591
-31 206
-160 590
-159 975
-31 1743
-31 1999
-32 1871
-31 1985
224 1615
-32 1359
-32 1103
-31 718
-160 335
-32 78
-145 -49
-17 -576
110 -945
-17 -1329
-17 -1585
-17 -1842
-145 -2354
-145 -2623
238 -3008
111 -3136
111 -3122
-145 -3377
-18 -3263
239 -3392
110 -3264
110 -2737
-17 -2609
-18 -2482
-146 -2239
239 -2111
239 -1856
111 -1329
-18 -704
110 -434
-146 -177
-31 192
97 462
-159 704
97 1217
224 1615
-32 1871
-32 1614
-160 1614
-159 1742
-160 1615
-31 1472
96 1103
-31 719
-32 335
-274 -177
-274 -433
-18 -960
111 -1087
238 -1713
-18 -1969
-17 -2354
-146 -2737
-17 -2879
239 -3135
238 -3520
110 -3520
110 -3264
110 -3264
110 -3249
-17 -3121
-17 -2866
-145 -2354
-146 -2226
-146 -1969
-17 -1586
-145 -1329
-17 -1073
-17 -561
-32 64
96 79
-31 192
97 705
224 832
97 1231
-31 1487
-32 1344
96 1359
-31 1743
-31 1472
97 1487
-31 975
-32 591
-32 591
-288 79
-18 -192
110 -689
-18 -1201
-18 -1728
110 -1969
-18 -2496
110 -2737
-17 -2880
111 -3121
-18 -3249
-18 -3264
110 -3249
-17 -3122
-145 -3121
-17 -3121
-18 -2752
111 -2609
-17 -2368
111 -2368
110 -1713
-17 -1329
-18 -945
-18 -434
-159 207
-32 335
-31 463
-31 704
96 1088
96 1344
97 1473
224 1600
96 1615
-31 1999
-31 1999
-31 1472
97 1216
97 719
-32 320
96 64
110 -177
-17 -832
111 -1344
110 -1728
110 -1983
238 -2239
238 -2751
239 -2880
367 -2880
111 -3136
110 -3249
-17 -3121
-17 -3392
110 -3520
110 -3249
-17 -2866
-146 -2496
111 -2368
367 -1841
-18 -1472
111 -1088
110 -960
111 -832
110 -192
97 207
-32 320
97 704
97 1231
-32 1600
97 1473
225 1487
-31 1487
-31 1743
-32 1615
-32 1358
-159 705
225 719
-31 462
-159 206
-145 -320
110 -703
238 -1215
239 -1600
111 -2098
-145 -2609
-18 -2496
111 -2865
-17 -3122
-146 -3250
-145 -3121
-17 -3121
-17 -3392
110 -3519
239 -3392
111 -3136
111 -2879
238 -2495
239 -1841
-17 -1329
-18 -1201
-18 -945
-17 -575
238 -191
238 -192
96 320
97 704
97 704
97 1230
-160 1615
-31 1728
96 1856
96 1856
96 1615
-32 1102
-160 1103
-31 975
-32 320
110 -192
110 -448
110 -945
-18 -1457
-17 -1600
111 -1856
111 -2353
-18 -2737
-17 -2879
238 -3007
238 -3249
-18 -3250
-145 -3392
111 -3391
239 -3392
111 -3136
110 -2737
-17 -2354
-146 -2240
111 -2112
111 -1856
110 -1472
110 -1216
111 -561
-17 -305
-32 79
-31 463
-32 576
97 960
97 1231
-32 1359
-32 1601
225 1728
96 1871
-31 1743
-32 1615
-31 1216
97 719
-31 462
-160 79
-17 -305
-273 -561
-273 -1073
-17 -1344
110 -1728
111 -2112
366 -2240
111 -2353
-17 -2865
-17 -3122
-146 -2994
-146 -3008
110 -2993
-18 -3249
-17 -3136
111 -3136
111 -2865
-17 -2623
238 -2239
238 -1727
239 -1344
111 -817
-17 -562
-145 -64
97 448
96 591
-32 832
96 1088
96 1345
225 1728
97 1743
-31 1743
-31 1984
96 2112
97 1742
-160 1358
-160 1103
-31 704
97 207
-17 -49
-18 -448
111 -832
111 -1088
110 -1472
111 -1841
-18 -2225
-17 -2624
111 -2879
238 -3008
110 -3008
111 -3121
-18 -2993
-17 -2865
-18 -2752
110 -2737
-18 -2482
-145 -2353
-17 -1841
-17 -1600
110 -1216
111 -817
-18 -434
-146 -178
-160 78
-160 335
-32 576
97 975
-32 1600
96 1871
-31 1998
-160 2126
-160 2127
-31 1743
-32 1600
96 1358
-160 1103
-32 591
-31 462
-160 334
-145 -320
110 -689
-18 -1201
-273 -1585
-17 -1855
238 -2240
110 -2496
110 -2752
111 -3136
110 -2993
-17 -2865
-17 -3122
-145 -3121
-18 -2994
-146 -2751
238 -2496
110 -2240
110 -1984
111 -1585
-17 -1329
-17 -817
-18 -433
-32 64
96 335
-31 448
96 833
225 1230
-160 1615
-31 1743
-32 2126
-159 1999
-31 1742
-159 1742
-160 1600
96 1344
96 846
-159 463
-32 79
-32 79
-17 -305
-17 -832
111 -1329
-18 -1713
-274 -1970
-145 -2098
-146 -2482
-145 -2880
111 -3121
-17 -3122
-145 -3121
-17 -3135
239 -3136
111 -3136
111 -2880
110 -2752
110 -2240
110 -1984
111 -1586
-145 -1330
-145 -817
-18 -704
111 -320
96 335
-32 334
-160 590
-159 975
-32 1345
224 1601
224 1614
-160 1871
-287 1999
-31 1743
-287 1742
-159 1743
-31 1230
-160 846
-159 463
-17 -64
110 -192
110 -704
111 -1073
-273 -1586
-145 -1600
110 -1970
-145 -2097
-18 -2225
-17 -2610
-146 -2737
-17 -3136
111 -2866
-146 -2752
111 -2865
-18 -2481
-18 -2239
239 -2354
-146 -1970
-146 -1714
-145 -1329
-273 -1074
-145 -832
111 -64
97 462
-160 591
-288 846
-160 1102
-160 1615
-32 2127
-31 1984
97 1999
-31 1984
97 1729
224 1600
96 1359
-31 960
96 832
97 704
96 335
-18 -177
-18 -690
-145 -817
-18 -945
-17 -1600
111 -1856
111 -2098
-145 -2368
110 -2752
111 -2624
110 -2738
-146 -2737
-18 -3008
111 -2865
-18 -2482
-146 -2482
-145 -2098
-146 -1713
-18 -1713
-18 -1457
-17 -832
110 -433
-18 -177
-31 206
-160 591
-32 847
-31 1231
-32 1615
-31 1984
96 1871
-32 1870
-160 1857
224 1871
-31 1742
-160 1615
-32 1359
-31 1230
-160 591
-32 79
-18 -177
-18 -689
-18 -1201
-18 -1457
-18 -1713
-18 -1969
-17 -2111
238 -2481
-17 -2610
-145 -2865
-273 -3121
-17 -2866
-146 -2737
-273 -2609
-274 -2737
-17 -2609
-18 -2226
-146 -1969
-17 -1856
111 -1600
111 -1073
-273 -575
238 -447
224 64
97 448
97 960
97 974
-160 1358
-160 1615
-31 1999
-31 1998
-160 1870
-160 1856
96 1601
225 1473
224 1358
-159 975
-31 719
-32 64
111 -64
111 -320
110 -1202
-146 -1458
-146 -1728
111 -2097
-17 -2353
-17 -2353
-17 -2354
-146 -2481
-17 -2880
110 -2752
111 -2880
111 -2865
-18 -2752
110 -2496
110 -2240
111 -2097
-17 -1585
-18 -1202
-145 -1073
-17 -576
111 -64
96 320
96 591
-31 975
-31 1217
224 1345
224 1600
97 1728
97 1473
224 1600
353 1728
352 1601
224 1088
96 833
225 705
225 192
111 -64
367 -575
239 -1343
239 -1599
238 -1984
367 -2367
239 -2879
238 -3263
494 -3264
367 -3648
623 -3903
750 -4032
622 -4288
623 -4416
878 -4799
751 -4928
879 -4928
1135 -4672
1135 -4416
1135 -4160
1135 -4160
1134 -4288
1135 -4160
1390 -4032
1391 -3904
1647 -3647
2030 -4287
2031 -4416
1902 -4032
2158 -4032
2414 -4544
2671 -5184
2414 -5567
2798 -6079
3055 -6720
3439 -7743
3567 -8767
3822 -9919
4334 -10944
4462 -12223
4846 -13247
5358 -14783
5615 -16447
5870 -17599
6126 -19135
6638 -20927
7150 -22464
7535 -24127
8175 -25919
8943 -27456
9582 -29119
10223 -30783
10733 -32832
11373 -34879
11757 -36928
12908 -38847
13804 -41152
14957 -43584
15724 -45760
16493 -48192
17517 -50752
18540 -53439
19692 -56512
20845 -59711
22252 -62912
23662 -66751
25070 -70591
26606 -74431
28142 -78527
29934 -83135
31727 -88382
33390 -93630
35180 -99006
37228 -105150
39532 -111549
41709 -118077
44012 -125373
46318 -132541
48878 -140221
51694 -148157
54510 -156862
57709 -165949
60908 -175550
63853 -185152
66924 -195264
70767 -205632
74350 -216511
78318 -227776
82285 -239680
86636 -251840
90735 -264512
95343 -277821
100079 -291389
104940 -305598
110188 -320190
115566 -335549
120815 -351037
126701 -367423
132589 -384320
138606 -401856
145262 -420287
151789 -439104
158574 -458942
165742 -479422
173164 -500413
180717 -522302
188783 -544831
196845 -568384
205166 -592832
214127 -618048
223085 -643901
232430 -670910
241516 -699070
251502 -727998
261740 -757696
272238 -788415
282861 -820031
293871 -852542
305261 -886077
316911 -920895
328940 -956095
341231 -992319
353772 -1029309
366574 -1067198
379756 -1106110
393070 -1146047
407022 -1186751
420845 -1228349
435439 -1270589
450031 -1313599
465132 -1358015
480494 -1402814
495983 -1448510
512108 -1494976
527981 -1542464
544366 -1590717
561135 -1639485
578029 -1689151
595181 -1739583
612591 -1790526
630383 -1842493
648428 -1895359
666604 -1948863
685037 -2003006
703598 -2057663
722159 -2112576
741487 -2168381
760301 -2224701
779245 -2281536
798573 -2338879
818156 -2396349
837871 -2454592
857454 -2513088
877166 -2572222
896879 -2631230
916590 -2690239
936172 -2749117
955885 -2808382
975469 -2867519
995052 -2926271
1014508 -2985149
1033967 -3043647
1053166 -3101631
1072367 -3159102
1091438 -3216318
1110125 -3273023
1128429 -3328576
1146733 -3383614
1164654 -3437760
1182319 -3490879
1199342 -3542974
1216108 -3593917
1232621 -3643712
1248623 -3692351
1264111 -3739454
1279341 -3785022
1293935 -3829309
1307886 -3871935
1321197 -3912767
1333999 -3951677
1346029 -3989310
1357422 -4025022
1368428 -4058559
1378542 -4090047
1387756 -4118976
1396334 -4145855
1404141 -4170813
1411053 -4193086
1417071 -4213053
1422316 -4230334
1426540 -4245437
1429740 -4257726
1432175 -4267326
1433710 -4274110
1433966 -4277949
1433582 -4278974
1431919 -4277053
1429230 -4272062
1425263 -4263485
1420525 -4252222
1414765 -4237375
1407727 -4219455
1399791 -4197952
1390444 -4172991
1379822 -4144574
1368429 -4112958
1355630 -4077503
1341932 -4038592
1326700 -3996605
1310702 -3951294
1293421 -3902015
1274604 -3849408
1255276 -3793342
1234796 -3734205
1212910 -3671232
1189742 -3605182
1165676 -3535807
1140460 -3463104
1114477 -3386941
1087470 -3307711
1059566 -3225021
1030125 -3140160
999788 -3051966
968558 -2960575
936173 -2866494
903022 -2769343
869101 -2669886
834415 -2568000
798829 -2463294
762221 -2356032
724846 -2246591
686573 -2135102
648044 -2021055
608750 -1905341
568559 -1787456
527983 -1667647
486636 -1546429
444909 -1423680
402540 -1299135
359916 -1172925
316909 -1045567
273389 -916797
229615 -786750
185455 -655935
141037 -524095
96493 -391485
51692 -257728
6764 -123572
-38047 10958
-82848 145997
-127263 280013
-171551 413391
-215583 545741
-259359 676557
-302367 803022
-345248 929612
-387743 1056972
-429471 1183183
-471069 1308365
-512029 1432014
-552350 1553486
-592030 1673548
-631199 1791695
-669472 1907789
-707357 2021839
-744477 2133709
-780832 2243663
-816414 2351692
-851102 2457677
-884768 2560846
-917917 2661581
-950303 2760140
-981406 2856270
-1011872 2949965
-1041183 3040207
-1069598 3127372
-1096864 3211343
-1123103 3292108
-1148576 3369549
-1172765 3443918
-1195933 3515341
-1218077 3583437
-1239070 3648591
-1259038 3710286
-1277597 3768525
-1295392 3823694
-1311904 3875407
-1327390 3924047
-1341725 3969229
-1354528 4011084
-1366430 4049486
-1377439 4084942
-1387421 4116942
-1396128 4145742
-1403550 4171085
-1410078 4193356
-1415839 4212428
-1419677 4228045
-1423134 4240460
-1425566 4249677
-1426717 4256204
-1426590 4259405
-1425694 4259661
-1424158 4256588
-1421469 4250572
-1417630 4241741
-1413149 4230351
-1407520 4215887
-1401120 4198990
-1394078 4179278
-1385887 4156878
-1377440 4132172
-1367965 4105164
-1357471 4075724
-1346462 4044111
-1334815 4010447
-1322525 3974861
-1309471 3937229
-1296159 3898061
-1281821 3857102
-1267360 3814734
-1252253 3770573
-1236509 3725005
-1220383 3678414
-1204128 3630414
-1187485 3581132
-1170333 3530957
-1152799 3479758
-1135007 3427535
-1116703 3374540
-1098141 3320782
-1079710 3266383
-1060894 3211084
-1041823 3155405
-1022751 3099087
-1003808 3042639
-984350 2986061
-964893 2929102
-945309 2871502
-925598 2813773
-906272 2755661
-886816 2698063
-867104 2640205
-847648 2582093
-828189 2523854
-808862 2465614
-789661 2407628
-770205 2349775
-751390 2292303
-732703 2235085
-714015 2178508
-695456 2122063
-676893 2066126
-658845 2010572
-640926 1955917
-623391 1902030
-605599 1848781
-588319 1796044
-571293 1744334
-554653 1693135
-538143 1643212
-521887 1593804
-505758 1545550
-490142 1497935
-474912 1451087
-459551 1405389
-444701 1360845
-430367 1316815
-416288 1272654
-402333 1230796
-388767 1190860
-375454 1151052
-362654 1112142
-349600 1073999
-336926 1036621
-324896 1000524
-313245 965069
-301856 930382
-290717 896463
-279840 863566
-269469 831693
-259103 800461
-248862 770125
-239136 740685
-229917 711886
-220832 684110
-211872 656719
-203293 629964
-194975 604109
-186910 579149
-179488 555084
-171936 531533
-164638 509006
-157599 486862
-150687 465614
-144286 445007
-138016 425294
-131999 406221
-125981 387788
-120221 370381
-114719 353485
-109855 337100
-104861 321741
-99613 306895
-95008 292431
-90400 278862
-86175 265935
-82205 252879
-78109 240847
-74269 229583
-70688 218959
-67359 208588
-64160 198476
-60573 189133
-57629 179917
-54813 171725
-51999 163277
-49439 155341
-47135 147661
-44319 140492
-42144 133708
-39838 127053
-37661 120525
-35614 113997
-33822 107854
-32158 102222
-30112 96847
-28703 91342
-27039 86222
-25504 81230
-24223 76495
-23072 71758
-21664 67406
-20125 63183
-19229 59342
-18077 55503
-17182 51791
-16158 48718
-15262 45391
-14110 42319
-13341 39630
-12701 37070
-11934 34638
-11166 32846
-10400 30543
-10016 28750
-9375 26831
-8736 25423
-8223 24270
-7583 22991
-7199 21967
-6944 20815
-6176 19790
-5791 19150
-5535 18382
-5280 17998
-5024 16975
-4383 16078
-4256 15694
-4000 15183
-3872 14415
-3872 13646
-3487 13262
-3232 12623
-3103 11727
-2848 10830
-2463 9935
-2335 9167
-2079 8142
-2207 7374
-2208 6478
-1951 5583
-1823 4815
-1567 4047
-1567 3279
-1568 2639
-1311 2255
-1311 1743
-1055 975
-1056 846
-1183 462
-927 206
-658 -177
-786 -434
-914 -177
-785 -50
-928 78
-657 -49
-543 206
-671 719
-544 847
-288 1103
-544 1614
-415 1998
-416 2127
-31 2254
-416 2382
-416 2895
-544 2895
-543 3022
-160 2894
-160 3150
-416 3151
-31 3023
-288 2382
-415 1999
-287 1742
-160 1359
-287 975
-31 719
-288 78
-146 -434
-146 -689
-274 -945
-274 -1201
-274 -1714
-145 -2097
-18 -2482
-145 -2610
-145 -2609
-17 -2368
111 -2354
-146 -2481
-273 -2353
-273 -2097
-18 -1728
110 -1728
110 -1728
110 -1457
-18 -960
111 -576
111 -320
96 321
224 576
96 1088
97 1487
-32 1600
96 1871
-32 2126
-160 2382
-160 2382
-160 2382
-160 2383
-287 1998
-160 1614
-160 1359
-288 1103
-31 704
96 334
-145 -305
-18 -945
-18 -1472
111 -1599
238 -1969
-18 -2482
-146 -2737
-17 -2880
111 -2879
238 -3007
238 -2993
-17 -3122
-146 -3008
110 -2993
-17 -2866
-145 -2353
-18 -1714
-145 -1586
-145 -1585
-18 -1201
-17 -818
-146 -434
-159 207
-31 448
96 576
97 960
97 1472
97 1487
-32 1870
-160 2126
-160 2126
-160 2127
-31 1742
-159 1742
-160 1359
-287 1231
-288 847
-288 335
-32 78
-145 -305
-17 -817
-18 -1202
-145 -1841
-18 -2482
-145 -2609
-17 -2609
-18 -2737
-17 -2865
-17 -2865
-17 -2865
-274 -2737
-17 -2624
110 -2737
-18 -2737
-18 -2496
111 -2112
110 -1714
-145 -1330
-145 -1074
-146 -689
-17 -305
-32 334
-159 719
-32 847
-32 1359
-32 1614
-159 1742
-159 1999
-31 1999
-32 1856
96 1856
96 1857
225 1743
-32 1344
97 1216
96 846
-160 334
-159 206
-145 -305
-17 -1074
-145 -1600
111 -1856
110 -1970
-146 -2225
-18 -2496
111 -2879
239 -3135
239 -3135
238 -3008
110 -2993
-18 -2994
-145 -2865
-18 -2737
-273 -2610
-401 -2097
-273 -1841
-18 -1472
110 -1202
-145 -817
-17 -305
-32 64
96 321
225 960
96 1344
97 1486
-160 1870
-159 1999
-32 2126
-159 2255
-32 2126
-160 1871
-31 1728
97 1216
96 1102
-159 719
-31 448
111 -64
110 -447
239 -817
-17 -1344
110 -1727
239 -2112
366 -2496
110 -2737
-17 -2865
-274 -2993
-273 -3122
-145 -2880
111 -3136
111 -3392
110 -3264
111 -2880
111 -2624
110 -2481
-18 -2225
-17 -1600
111 -1344
110 -704
111 -305
-18 -178
-159 206
-159 704
97 960
96 1344
97 1743
-31 1999
-32 1871
-32 1870
-160 2127
-32 1871
-31 1473
225 1487
-32 1359
-288 847
-31 448
111 -64
111 -576
110 -945
-17 -1330
-146 -1970
-145 -2354
-401 -2610
-146 -2751
238 -2752
111 -2865
-18 -3249
-18 -3264
110 -2994
-145 -3122
-146 -2993
-18 -2994
-145 -2609
-17 -2624
110 -2240
111 -1856
111 -1585
-18 -1201
-274 -433
-32 78
-160 591
-32 847
-31 960
97 1231
-32 1615
-31 1984
96 2127
-31 2254
-159 2255
-31 1999
-32 1871
-31 1486
-159 1231
-287 974
-160 832
96 320
110 -177
-18 -946
-146 -1201
-17 -1586
-145 -1842
-146 -2240
110 -2481
-18 -2993
-18 -3263
239 -3122
-145 -3122
-145 -3122
-145 -2866
-146 -3008
111 -2880
111 -2624
111 -2368
111 -2098
-146 -1458
-146 -1202
-145 -832
110 -448
96 64
97 463
-32 576
97 718
-159 975
-31 1472
96 1856
96 1856
96 2126
-159 2255
-32 1871
-32 1615
-32 1359
-31 1230
-159 975
-32 591
-32 79
-17 -575
239 -817
-18 -1472
110 -1969
-17 -2354
-145 -2609
-273 -2865
-17 -2865
-17 -3122
-145 -2866
-146 -2737
-17 -2865
-17 -3121
-18 -3008
110 -2737
-274 -2481
-18 -2240
111 -2097
-17 -1842
-146 -1457
-274 -945
-18 -704
110 -177
-32 335
-287 462
-159 975
-32 1359
-288 1614
-159 1728
97 1743
-31 1999
-32 2126
-160 1870
-160 1358
-160 1089
225 960
97 704
97 448
96 79
-18 -448
110 -689
-17 -1585
-17 -2097
-18 -2225
-18 -2495
238 -2752
111 -2880
110 -3008
110 -2737
-17 -2880
111 -3377
-18 -3505
-18 -3264
111 -3136
110 -2737
-17 -2368
111 -2368
110 -2225
-17 -1841
-18 -1202
-146 -690
-145 -49
-31 192
97 192
96 576
97 960
97 1472
353 1728
96 1871
-31 1743
-31 1728
96 1600
97 1743
-32 1103
-32 847
-32 590
-160 335
-31 206
-146 -434
-145 -1329
-274 -1457
-274 -1969
-17 -2097
-17 -2610
-146 -3008
111 -3391
238 -3264
110 -3250
-145 -3378
-146 -3250
-145 -3122
-145 -3121
-17 -3121
-274 -2738
-402 -2482
-146 -1970
-145 -1585
-274 -1202
-146 -945
-18 -689
-18 -178
-159 207
-31 207
-31 704
96 1344
96 1615
-31 1998
-160 2127
-31 1998
-159 1999
-32 1856
96 1615
-32 1359
-32 1358
-159 961
224 591
-31 463
-18 -178
-145 -817
-18 -1201
-18 -1457
-18 -1728
111 -2112
111 -2624
110 -2737
-18 -2993
-18 -3264
110 -2993
-17 -3136
111 -3378
-145 -3122
-146 -2993
-18 -2752
111 -2368
110 -1970
-145 -1585
-18 -1457
-17 -1073
-18 -689
-18 -177
-17 -50
-160 64
97 463
-32 1103
-32 1600
96 1856
96 2113
225 1985
225 1984
97 1999
-32 1600
97 1472
96 1344
97 719
-32 320
97 192
110 -191
239 -575
238 -1215
239 -1841
-17 -2097
-18 -2496
111 -2623
238 -3007
239 -3135
238 -3263
239 -3136
111 -3121
-17 -3121
-17 -2879
239 -2880
110 -2737
-17 -2368
110 -1969
-17 -1856
110 -1713
-17 -1344
110 -959
238 -447
224 64
96 590
-160 590
-160 847
-32 1359
-31 1743
-31 1742
-159 1743
-31 1729
224 1601
224 1359
-32 1358
-160 1103
-31 974
-160 590
-160 78
-402 -433
-273 -817
-17 -1073
-17 -1600
111 -2098
-145 -2354
-146 -2481
-17 -2879
238 -3263
238 -3249
-17 -3135
238 -3249
-17 -3122
-402 -2993
-18 -3264
111 -3121
-17 -2624
111 -2112
111 -1841
-18 -1713
-18 -1458
-146 -946
-145 -562
-146 -177
-31 192
96 591
-32 1103
-287 1487
-32 1600
96 1601
225 1984
96 2127
-31 1998
-159 1742
-159 1486
-159 1230
-159 975
-31 704
97 206
-146 -192
111 -576
111 -1088
110 -1713
-17 -1841
-17 -2112
111 -2353
-18 -2737
-18 -3008
110 -2738
-145 -2880
111 -2880
111 -2866
-146 -2738
-146 -2738
-145 -2609
-17 -2353
-18 -1969
-18 -1472
111 -1073
-18 -945
-18 -690
-146 -177
-31 206
-159 462
-159 960
96 1088
97 1231
-32 1600
96 1871
-32 1870
-160 1870
-160 1871
-32 1856
96 1614
-160 1359
-31 960
96 577
225 448
111 -49
-17 -320
110 -1216
110 -1457
-18 -1969
-17 -2353
-18 -2495
239 -2623
238 -3007
239 -2880
111 -2866
-145 -2865
-18 -2993
-18 -2737
-17 -2609
-18 -2481
-17 -2368
110 -2225
-18 -1713
-17 -1329
-18 -960
111 -562
-145 -50
-159 192
97 463
-31 718
-160 1103
-31 1473
225 1728
97 1999
-31 1728
97 1999
-31 1998
-160 1871
-32 1600
97 1487
-32 1103
-31 719
-31 207
-18 -191
239 -576
111 -831
239 -1088
110 -1472
111 -1856
111 -2368
111 -2353
-18 -2481
-274 -2737
-17 -2353
-17 -2368
110 -2496
111 -2865
-17 -2610
-145 -2353
-17 -2112
111 -2097
-17 -1585
-18 -1457
-18 -960
110 -448
110 -191
224 65
481 462
-160 1103
-288 1359
-32 1359
-32 1600
96 2127
-288 2127
-32 2126
-160 2383
-31 2255
-31 1998
-159 1486
-160 1359
-287 974
-159 719
-32 334
-145 -64
111 -575
238 -960
111 -1344
110 -1713
-18 -1727
239 -1841
-17 -2097
-274 -2481
-18 -2738
-146 -2737
-17 -2880
111 -2353
-17 -2354
-145 -2098
-402 -2225
-18 -1728
110 -1216
110 -1216
110 -960
111 -306
-146 -177
-31 207
-31 718
-159 961
224 1345
224 1600
97 1998
-159 2255
-32 2112
97 2255
-31 1984
97 1985
224 1615
-32 1615
-31 1231
-31 719
-32 590
-159 206
-145 -562
-146 -945
-18 -1201
-273 -1330
-146 -1727
239 -2097
-17 -2353
-17 -2624
110 -2481
-18 -2225
-18 -2481
-17 -2609
-17 -2610
-146 -2738
-145 -2353
-17 -1842
-146 -1713
-18 -1713
-18 -1472
111 -1088
111 -832
110 -433
-31 192
97 207
-32 847
-31 975
-31 1216
97 1472
96 1870
-159 1998
-160 2127
-31 1998
-160 1871
-31 1487
-31 1216
96 1088
352 833
224 847
-32 79
-274 -178
-145 -576
111 -817
-18 -1202
-145 -1586
-146 -1969
-17 -2159
