97 975
-32 847
-32 832
97 719
-31 207
-18 -434
-145 -818
-145 -832
110 -960
111 -1088
110 -1457
-17 -1856
111 -1841
-18 -1727
238 -1727
239 -1856
110 -1728
110 -1201
-17 -1330
-146 -1457
-18 -1201
-18 -704
111 -832
111 -576
96 65
224 320
97 719
-32 833
224 1088
97 1217
224 1600
96 1857
225 1728
97 1728
96 1600
97 1729
224 1857
224 1614
-159 1231
-32 833
225 704
97 704
96 320
111 -305
-18 -448
111 -832
110 -1201
-18 -1216
111 -1329
-18 -1713
-17 -2097
-17 -2353
-17 -2368
367 -2111
239 -2112
110 -1983
238 -1457
-18 -1201
-17 -1073
-17 -832
110 -433
-18 -433
-17 -305
-17 -64
353 449
225 718
-160 846
-160 1103
-31 1472
97 1728
96 1856
97 1998
-160 1870
-159 1743
-31 1984
96 1871
-31 1743
-32 1615
-31 975
-31 719
-32 576
96 321
239 -63
239 -320
111 -562
-146 -704
110 -960
110 -1216
111 -1585
-17 -1841
-17 -1841
-18 -1969
-17 -1841
-18 -1713
-17 -1842
-145 -1856
110 -1727
239 -1344
111 -1344
110 -945
-17 -576
111 -575
239 -561
-32 79
-32 591
-31 975
-31 961
225 961
224 1359
-31 1742
-159 1486
-160 1614
-159 1487
-31 1472
96 1615
-31 1216
97 1217
225 975
-32 847
-31 719
-31 207
-17 -49
-17 -305
-17 -817
-17 -1330
-145 -1330
-146 -1201
-18 -1713
-274 -1969
-18 -1984
111 -1841
-17 -1842
-146 -1984
111 -1841
-18 -1713
-18 -1201
-18 -960
110 -704
111 -576
111 -319
224 64
97 448
97 448
96 847
-32 1088
96 1359
-31 1487
-31 1743
-32 1871
-32 1615
-32 1615
-32 1856
97 1472
97 1487
-32 1344
96 1103
-32 847
-31 719
-32 591
-31 462
-159 206
-146 -433
-18 -1216
111 -1344
110 -1458
-146 -1457
-274 -1714
-146 -2226
-146 -2226
-146 -2240
110 -1969
-18 -1984
111 -1856
111 -1856
111 -1586
-145 -1330
-145 -1073
-18 -946
-146 -434
-145 -305
-18 -178
-159 192
97 719
-32 847
-31 719
-31 961
224 1358
-159 1742
-159 1999
-287 1743
-32 1856
96 1871
-31 1729
225 1743
-32 1614
-160 1358
-159 975
-288 591
-288 334
-159 207
-31 207
-18 -434
-146 -690
-146 -945
-17 -817
-17 -1330
-146 -1727
239 -1855
238 -1983
238 -1728
111 -1856
111 -2112
367 -1841
-17 -1329
-18 -945
-17 -831
238 -703
239 -561
-18 -433
-32 64
97 207
-32 591
-32 832
97 960
96 1102
-160 1358
-160 1615
-287 1743
-287 1743
-32 1615
-32 1870
-159 1743
-31 1231
-32 1089
225 960
352 577
225 463
-31 448
97 206
-146 -448
111 -831
238 -1216
110 -1216
111 -1330
-145 -1585
-17 -1841
-18 -1984
111 -2097
-17 -2098
-145 -2097
-18 -1969
-18 -1713
-17 -1585
-18 -1216
111 -1088
111 -562
-145 -562
-145 -320
96 79
-31 463
-31 961
224 1103
-32 1103
-32 1344
97 1743
-31 1999
-32 2126
-160 1870
-159 1998
-159 1999
-287 1998
-160 1871
-31 1486
-160 1359
-31 1216
97 960
96 832
97 462
-145 -50
-145 -562
-145 -817
-18 -1215
238 -1458
-145 -1585
-274 -1969
-274 -1714
-146 -1969
-18 -1969
-18 -1969
-18 -1969
-18 -1713
-18 -1713
-18 -1457
-18 -1215
239 -1088
366 -689
-17 -562
-145 -320
97 192
97 463
-32 846
-159 719
-31 960
96 1359
-32 1614
-159 1743
-31 1742
-160 1600
97 1729
224 1615
-32 1359
-31 974
-160 832
97 961
224 576
97 207
-32 334
-145 -49
-17 -576
110 -1201
-18 -1201
-18 -1216
110 -1713
-18 -1969
-17 -2098
-146 -1969
-18 -2240
110 -2225
-17 -1841
-18 -1728
111 -1600
111 -1088
110 -960
110 -945
-17 -817
-17 -561
-17 -49
-31 207
-31 719
-32 847
-31 704
96 1103
-31 1472
96 1614
-159 1998
-160 1871
-32 1600
96 1856
96 1871
-31 1487
-32 1345
224 1088
353 704
96 576
97 448
97 192
111 -64
110 -689
-18 -1201
-18 -1202
-145 -1329
-17 -1586
-145 -2098
-145 -2624
110 -2225
-17 -2097
-18 -2226
-145 -2112
111 -2097
-18 -1713
-17 -1585
-17 -1344
111 -1088
110 -959
239 -576
111 -320
111 -49
-32 320
96 591
-31 704
97 705
225 975
-31 1487
-32 1871
-31 1728
96 1600
97 1728
97 1473
224 1600
96 1359
-32 1359
-32 847
-31 448
97 207
-17 -50
-145 -64
111 -575
238 -945
-17 -1088
111 -1329
-17 -1585
-18 -1969
-17 -2097
-18 -1983
238 -1728
110 -1983
238 -2239
238 -1983
238 -1472
110 -1472
110 -1457
-18 -946
-146 -690
-145 -305
-17 -50
-159 207
-32 335
-31 719
-31 719
-31 975
-287 1216
96 1614
-159 1743
-32 1601
225 1728
97 1984
97 1742
-160 1358
-159 1230
-159 1230
-159 974
-160 832
97 719
-32 335
-17 -64
111 -575
239 -1073
-18 -1216
111 -1073
-18 -1472
110 -1969
-17 -2098
-145 -2112
110 -1969
-17 -1841
-273 -2098
-146 -1969
-18 -1713
-17 -1344
111 -1087
238 -704
111 -817
-17 -561
-18 -448
96 79
-32 832
353 960
97 1216
97 975
-32 1359
-31 1743
-31 1998
-159 1743
-32 1601
225 1729
224 1600
96 1600
96 1614
-159 1230
-159 960
97 704
97 463
-32 79
-32 79
-18 -433
-18 -960
110 -1216
110 -1457
-18 -1471
239 -1856
111 -2112
111 -2097
-18 -1969
-17 -2098
-145 -2098
-146 -1714
-145 -1586
-146 -1458
-146 -1216
110 -945
-17 -561
-18 -433
-18 -177
-32 78
-159 462
-159 974
-160 1103
-31 975
-31 1216
96 1615
-31 1472
97 1743
-31 1743
-31 1728
97 1728
96 1600
96 1601
225 1217
225 960
352 847
-32 591
-32 320
111 -49
-17 -305
-274 -689
-17 -1074
-146 -945
-17 -1330
-146 -1714
-145 -1856
111 -2112
111 -2111
238 -2240
366 -2239
239 -2353
-17 -2112
111 -1585
-17 -1073
-18 -960
111 -817
-17 -576
111 -320
110 -178
-159 192
96 847
-31 1216
353 961
225 1231
-32 1614
-159 1999
-31 2254
-160 1870
-160 1871
-287 1998
-160 1615
-32 1358
-159 975
-31 960
96 847
-31 448
96 320
96 78
-145 -306
-146 -690
-146 -945
-18 -1202
-145 -1073
-274 -1457
-17 -1841
-17 -1842
-146 -1714
-146 -1969
-18 -1984
111 -1841
-18 -1714
-146 -1457
-18 -1216
111 -832
111 -576
110 -448
367 -320
111 -64
97 463
-31 975
-32 1089
225 960
96 1344
96 1871
-31 1999
-31 1743
-32 1870
-160 1871
-31 1998
-160 1870
-160 1359
-31 1230
-160 1358
-160 1102
-159 463
-31 206
-159 206
-146 -178
-146 -690
-145 -1073
-17 -1329
-274 -1457
-17 -1856
111 -2112
111 -2368
111 -2097
-18 -2226
-146 -2226
-146 -2225
-17 -1841
-17 -1586
-146 -1216
110 -945
-17 -818
-145 -575
238 -448
110 -177
-31 448
96 833
224 1089
225 1230
-159 1486
-160 1614
-159 1999
-31 1743
-31 1743
-31 1998
-159 1999
-31 1728
97 1728
97 1473
224 1344
97 974
-160 591
-31 448
111 -63
239 -320
111 -561
-18 -960
110 -1201
-17 -1329
-17 -1586
-145 -2098
-145 -2097
-17 -1842
-145 -2098
-146 -2226
-146 -1969
-18 -1713
-17 -1586
-145 -1330
-146 -1216
110 -945
-17 -818
-146 -433
-17 -320
97 192
96 576
97 960
97 960
96 1088
96 1358
-160 1615
-31 1743
-31 1742
-159 1743
-31 1743
-32 1344
96 1088
97 1217
224 1102
-159 719
-31 448
97 192
111 -49
-18 -434
-146 -945
-17 -1330
-145 -1330
-146 -1202
-146 -1471
239 -1841
-17 -1842
-145 -1841
-17 -1600
111 -2112
111 -2097
-18 -1458
-146 -1202
-145 -1088
111 -817
-17 -562
-146 -177
-274 -178
-146 -178
-160 335
-32 1103
-32 1103
-32 1345
224 1600
97 1728
96 2112
97 2240
353 2255
-32 2127
-32 2127
-32 2112
97 1984
96 1615
-31 1230
-159 974
-159 960
97 448
97 463
-32 64
111 -576
111 -831
239 -1088
111 -1600
111 -1856
110 -1969
-18 -1983
239 -2111
239 -2112
111 -2112
111 -2111
239 -2111
238 -1728
110 -1457
-18 -1201
-17 -832
111 -1088
111 -1088
111 -561
-17 -49
-31 448
96 320
353 193
224 321
480 832
353 960
97 961
225 960
353 1217
225 1217
225 705
480 577
481 193
495 -63
495 -319
494 -704
622 -1216
623 -1599
750 -2239
751 -2879
750 -3519
750 -3776
879 -4159
1006 -4543
1007 -5184
1134 -5568
1135 -5696
1390 -5824
1390 -6080
1646 -6591
2030 -6847
2031 -6976
1903 -6975
2031 -7231
2286 -7615
2286 -7872
2671 -8256
2927 -8512
3182 -8640
3439 -8767
3567 -9536
3950 -10176
4207 -10815
4590 -11199
4846 -11711
5102 -12736
5742 -14272
5999 -15168
6254 -16319
6639 -17216
7023 -19007
7662 -20672
8303 -22335
8943 -24127
9455 -26175
9967 -27967
10479 -30272
11118 -32703
12013 -35392
12909 -37952
13677 -40511
14573 -43328
15468 -46015
16365 -49215
17644 -52415
18669 -55360
19821 -58687
20973 -62271
22254 -65728
23662 -69312
25199 -73279
26351 -77376
27759 -81728
29806 -86208
31342 -90814
33134 -95933
35053 -101437
37356 -106941
39661 -112702
41837 -118846
44141 -125502
46446 -132542
49007 -139581
51694 -147133
54510 -155070
57710 -163773
60653 -172606
63853 -182080
67181 -191808
70767 -202047
74479 -213055
78318 -224447
82413 -236352
86637 -248639
90861 -261439
95214 -274878
99950 -288958
105069 -303421
110060 -318397
115438 -334270
120942 -350398
126573 -367168
132716 -384960
138863 -403008
145006 -421568
151661 -441152
158830 -460989
165871 -481854
173420 -503229
180718 -524989
188655 -547647
196845 -571199
205550 -595392
214127 -620607
222956 -646589
232174 -673213
241900 -700862
251503 -729150
261740 -758463
272110 -788671
282860 -819904
293997 -851773
304879 -884542
316526 -918464
328813 -953407
340975 -989503
353260 -1026238
366191 -1063742
379501 -1102398
393070 -1142207
406767 -1183039
420845 -1224253
435183 -1267005
450029 -1310527
465132 -1354687
480495 -1399870
495983 -1446461
511980 -1493696
527981 -1541184
544367 -1589565
560879 -1638973
578029 -1689152
595309 -1740352
612719 -1791805
630254 -1843901
648173 -1897024
666476 -1950912
684908 -2005181
703470 -2059711
722158 -2114751
740847 -2170686
759917 -2227005
779500 -2283711
798701 -2340927
817901 -2398270
837743 -2456127
857326 -2514367
877038 -2572733
896495 -2631230
916335 -2689856
936044 -2748093
955885 -2806333
975596 -2865088
995180 -2923967
1014764 -2982333
1033967 -3040320
1053294 -3098047
1072622 -3155390
1091438 -3212477
1110253 -3268672
1128557 -3324479
1146604 -3379645
1164527 -3434048
1182063 -3487296
1199214 -3539902
1216109 -3591486
1232492 -3642047
1248494 -3691200
1264239 -3738430
1279340 -3784637
1293806 -3829694
1307758 -3872959
1320941 -3914303
1333742 -3953597
1346028 -3991230
1357422 -4027325
1368301 -4060992
1378414 -4092351
1387757 -4121664
1396591 -4149056
1404012 -4173501
1411055 -4195645
1416942 -4215742
1422188 -4232893
1426413 -4247357
1429740 -4259262
1432174 -4268222
1433711 -4274494
1433966 -4278205
1433583 -4278590
1431919 -4275773
1429230 -4270269
1425646 -4261566
1420908 -4249790
1414765 -4234304
1407598 -4215743
1399533 -4194111
1390317 -4169023
1379823 -4141118
1368172 -4109502
1355375 -4074303
1341676 -4036031
1326573 -3993918
1310574 -3948478
1293164 -3899840
1274732 -3848127
1255148 -3792574
1234540 -3733438
1212526 -3670975
1189614 -3605693
1165804 -3536832
1140588 -3464128
1114221 -3388477
1087212 -3309759
1059054 -3227837
1029869 -3142976
999789 -3054909
968431 -2963519
936428 -2869437
903151 -2772288
869228 -2672574
834415 -2570559
798444 -2465726
761964 -2357952
724591 -2247999
686573 -2135869
647916 -2021823
608495 -1905469
568559 -1786943
527855 -1666624
486509 -1545021
444908 -1421504
402796 -1296575
359917 -1169725
316652 -1041856
273261 -912958
229485 -782910
185196 -651967
141037 -520255
96492 -387518
51820 -254143
6893 -119860
-38303 14287
-83231 148428
-127647 282061
-171552 415054
-215456 546637
-259103 676812
-302495 802767
-345120 928588
-387488 1055821
-429600 1182031
-471070 1306444
-511645 1429198
-552093 1550798
-592032 1670476
-630943 1788623
-669471 1904845
-707102 2018894
-744349 2130892
-780960 2240847
-816670 2349133
-851232 2455372
-885151 2559183
-918302 2660941
-950303 2759885
-981534 2856526
-1011871 2950604
-1041311 3041743
-1069597 3129293
-1096991 3213518
-1123231 3294668
-1148576 3372620
-1172894 3447631
-1196062 3518797
-1218078 3587149
-1239070 3652175
-1259037 3713998
-1277853 3772365
-1295391 3827150
-1311904 3878478
-1327261 3926990
-1341597 3971789
-1354783 4012749
-1366814 4051023
-1377567 4086222
-1387421 4117455
-1395999 4145615
-1403677 4170445
-1410078 4192077
-1415455 4210636
-1419680 4225869
-1423134 4237900
-1425310 4247372
-1426333 4253388
-1426845 4256461
-1425949 4256461
-1424158 4253517
-1421597 4248012
-1417886 4239436
-1413021 4228047
-1407776 4213838
-1401248 4197198
-1394077 4178126
-1385887 4156367
-1377312 4131916
-1367709 4105676
-1357472 4077133
-1346333 4046031
-1334816 4012623
-1322525 3977420
-1309600 3940685
-1295901 3901900
-1281950 3861070
-1267615 3818447
-1252125 3774412
-1236638 3728973
-1220639 3682255
-1204256 3633998
-1187229 3584717
-1170205 3534028
-1152672 3482190
-1135008 3429199
-1116701 3375565
-1098270 3321423
-1079838 3266639
-1060894 3211085
-1041951 3154893
-1022752 3098446
-1003680 3041615
-984093 2984140
-964510 2926671
-945182 2869070
-925598 2811213
-906015 2753484
-886688 2695503
-867103 2637004
-847519 2578892
-828320 2520910
-809117 2463182
-789661 2405581
-770589 2348495
-751645 2291663
-732703 2234829
-714016 2178381
-695584 2122575
-677149 2067663
-658973 2012877
-641054 1958477
-623392 1904719
-605727 1851852
-588448 1799501
-571421 1747918
-554654 1697103
-538143 1647052
-521632 1597772
-505758 1549134
-490397 1501390
-475039 1454543
-459552 1408588
-444830 1363277
-430368 1318479
-416287 1273806
-402333 1232077
-388895 1191373
-375582 1150796
-362398 1111374
-349599 1072846
-337310 1035084
-325280 998732
-313501 962765
-302112 927822
-290973 894159
-280095 860878
-269469 828877
-259104 797773
-249117 767436
-239520 737869
-229918 709454
-220832 682062
-212126 655182
-203677 629196
-195232 604236
-187038 579405
-179232 555853
-171807 533197
-164637 510927
-157471 489422
-150688 468559
-144158 448591
-138013 429263
-131872 410444
-125854 392012
-120222 374093
-114720 357196
-109472 341069
-104477 325325
-99614 310095
-95006 295503
-90655 281295
-86304 267343
-82205 254158
-78237 242126
-74398 230479
-70688 218702
-66975 207564
-63903 197324
-60829 187597
-57886 178253
-54814 169036
-52128 160332
-49311 152525
-46879 144845
-44576 137548
-42141 130508
-40093 123852
-37789 117452
-35742 111692
-33949 106190
-32157 100815
-30240 95822
-28575 90831
-27167 86223
-25632 81742
-24224 77902
-22944 73806
-21663 69583
-20511 65742
-19357 62415
-18205 59086
-17054 55630
-15774 52303
-15134 49230
-14238 46415
-13342 43343
-12829 40654
-11933 38095
-11294 35662
-10653 33230
-9888 30798
-9375 28623
-8991 26831
-8479 25039
-7712 23118
-7072 21070
-6815 19663
-6432 18511
-6175 17103
-5663 15822
-5280 14671
-4896 14158
-4768 13647
-4384 12878
-4255 11983
-3871 11470
-3488 11086
-3487 10447
-3103 9934
-2975 9679
-2848 9550
-2720 9039
-2592 8527
-2335 8143
-2080 8270
-2207 8142
-1952 8015
-1567 7375
-1824 6990
-1696 6990
-1440 6479
-1567 5839
-1055 5327
-1568 4943
-1312 4687
-1056 3919
-1055 3534
-928 3151
-1056 2638
-672 1614
-928 1102
-927 1230
-672 847
-799 207
-785 -306
-658 -434
-657 -305
-786 -689
-529 -818
-401 -561
-529 -562
-658 -434
-401 -305
-530 -178
-416 79
-288 590
-159 462
-160 847
-287 974
-416 1359
-287 1742
-416 1871
-543 1743
-287 2255
-287 2511
-287 2254
-159 1999
-288 2126
-160 2126
-160 1871
-288 1871
-287 1743
-32 1358
-160 847
-288 847
-287 462
-159 206
-145 -49
-274 -689
-274 -946
-401 -1074
-146 -1457
-274 -1457
-274 -1970
-402 -2225
-274 -1970
-145 -1842
-145 -1842
-145 -1841
-17 -1585
-18 -1457
-274 -1202
-145 -1074
-145 -818
-146 -690
-146 -434
-145 -50
-159 462
-160 846
-160 846
-159 975
-31 1231
-32 1600
96 2127
-31 2254
-159 1999
-32 2127
-287 2254
-416 1871
-287 1487
-32 1344
96 1102
-159 974
-159 718
-159 207
-18 -177
-18 -434
-146 -946
-145 -1073
-17 -1329
-18 -1458
-145 -1586
-146 -1970
-146 -2240
110 -2240
111 -1842
-146 -1970
-146 -2225
-274 -1969
-17 -1599
239 -1585
-17 -1585
-18 -1472
110 -1201
-18 -689
-18 -433
-18 -192
97 448
97 704
97 960
97 1217
224 1358
-159 1742
-160 1871
-31 1743
-32 1871
-32 1870
-159 1743
-31 1487
-32 1103
-32 1103
-32 1103
-31 705
224 591
-17 -50
-401 -562
-145 -817
-273 -1074
-145 -1088
110 -1201
-18 -1713
-273 -2368
110 -2495
239 -1842
-146 -1969
-273 -2097
-18 -1970
-146 -1713
-18 -1714
-146 -1458
-145 -1088
110 -945
-18 -945
-18 -704
110 -434
-160 79
-31 463
-32 832
97 974
-160 847
-31 1486
-159 1742
-160 1871
-31 1743
-32 1870
-159 1998
-159 1742
-159 1472
96 1359
-32 1088
96 847
-31 719
-288 335
-17 -50
-145 -305
-274 -690
-145 -817
-274 -1202
-401 -1330
-146 -1713
-18 -2240
110 -2482
-145 -2610
-146 -2481
-18 -2482
-146 -2496
110 -2225
-18 -1969
-18 -1457
-17 -1073
-273 -1074
-145 -1088
110 -959
238 -433
-288 78
-159 448
97 719
-32 833
225 961
224 1345
225 1729
224 1857
224 1857
225 1999
-31 1998
-160 1870
-160 1615
-32 1359
-31 1216
96 1102
-159 704
97 463
-31 206
-146 -177
-273 -576
110 -960
111 -1329
-17 -1344
110 -1714
-145 -2098
-146 -2482
-145 -2610
-146 -2225
-17 -2112
110 -2225
-18 -2226
-146 -1970
-146 -1727
238 -1472
110 -1457
-17 -1073
-18 -945
-17 -561
-17 -49
-31 207
-31 463
-31 448
97 704
96 1359
-31 1728
96 1600
97 1487
-32 1344
96 1615
-32 1871
-32 1615
-32 1088
96 1103
-31 974
-160 590
-159 463
-32 335
-18 -433
-17 -817
-18 -1202
-145 -1329
-18 -1471
238 -1472
110 -1969
-17 -2353
-18 -2225
-18 -2225
-17 -2354
-146 -2481
-17 -2353
-18 -1970
-145 -1585
-18 -1457
-18 -1216
111 -832
111 -305
-18 -434
-145 -50
-415 462
-416 846
-160 1103
-32 1089
225 1217
224 1615
-32 1871
-287 1728
97 1742
-160 1870
-160 1870
-160 1615
-31 1486
-159 1230
-160 590
-159 463
-288 335
-273 -49
-274 -177
-17 -561
-18 -960
111 -1329
-17 -1586
-145 -1842
-146 -1984
111 -2111
239 -2353
-17 -2353
-274 -2482
-146 -2496
110 -2495
239 -2367
239 -2112
111 -1856
111 -1344
111 -1344
110 -960
111 -561
-17 -320
97 192
96 320
96 591
-31 719
-31 1216
96 1615
-31 1728
97 1473
224 1359
-32 1358
-160 1615
-31 1487
-31 1216
97 975
-32 847
-32 590
-159 448
97 192
110 -178
-145 -561
-17 -1074
-145 -1074
-146 -1201
-18 -1713
-18 -1969
-17 -2353
-18 -2482
-146 -2240
110 -1969
-17 -2353
-18 -2481
-17 -2097
-18 -1713
-18 -1472
110 -1216
111 -1073
-17 -832
111 -561
-32 79
-32 591
-31 975
-32 1103
-32 832
97 1216
96 1600
96 1856
97 1743
-31 1742
-160 1856
97 1728
96 1615
-31 1231
-31 1231
-32 1102
-159 719
-288 590
-416 335
-18 -192
111 -817
-17 -1074
-146 -1457
-18 -1472
110 -1472
110 -1714
-145 -2097
-18 -2226
-146 -2225
-273 -2368
110 -2482
-145 -2353
-273 -2098
-145 -1842
-146 -1457
-18 -1216
110 -960
110 -689
-18 -434
-145 -49
-287 463
-31 974
-159 974
-159 960
97 1230
-160 1856
96 1870
-159 1743
-32 1856
97 1743
-32 1870
-160 1615
-31 1217
224 1359
-31 1231
-31 975
-32 833
225 192
111 -64
111 -320
110 -946
-146 -1201
-17 -1330
-146 -1201
-17 -1842
-145 -2353
-274 -2225
-273 -2097
-18 -2226
-146 -2496
110 -2225
-17 -1841
-274 -1714
-146 -1457
-18 -1457
-273 -1073
-18 -689
-18 -433
-18 -177
-32 335
-31 718
-160 847
-288 846
-159 960
97 1472
96 1871
-32 1871
-31 1728
96 1856
97 1728
96 1871
-32 1358
-160 1103
-31 975
-32 832
96 321
224 64
110 -192
110 -448
111 -1344
110 -1728
110 -1727
239 -2097
-18 -2225
-273 -2609
-17 -2609
-18 -2481
-18 -2495
239 -2353
-17 -2097
-17 -2097
-18 -1984
111 -1841
-18 -1728
111 -1343
238 -945
-18 -689
-18 -433
-17 -49
-32 335
-32 847
-31 719
-32 832
97 1472
97 1998
-159 1998
-160 2126
-160 2126
-159 1998
-159 1743
-31 1486
-160 1359
-31 975
-32 847
-288 846
-160 320
110 -433
-17 -832
110 -960
111 -1344
110 -1457
-17 -1586
-145 -2098
-146 -2496
111 -2624
111 -2610
-145 -2623
238 -2496
111 -2353
-17 -2112
111 -1856
111 -1585
-17 -1344
111 -1329
-18 -959
239 -576
110 -448
110 -192
96 335
-32 590
-159 462
-159 704
97 1472
97 1985
224 1857
224 1856
97 1999
-32 1871
-31 1742
-160 1359
-32 1102
-159 975
-32 846
-159 463
-287 206
-160 64
111 -319
238 -960
110 -1201
-18 -1201
-17 -1585
-17 -2097
-18 -2481
-18 -2482
-145 -2354
-146 -2225
-17 -2097
-18 -2225
-17 -2112
111 -1841
-17 -1329
-18 -1201
-18 -960
110 -689
-17 -562
-145 -306
-160 79
-287 462
-160 846
-160 1103
-32 1359
-32 1615
-31 1742
-159 1743
-287 1743
-288 1870
-159 1728
96 1600
96 1871
-32 1358
-159 975
-31 960
96 591
-32 591
-32 78
-146 -433
-18 -960
111 -1330
-145 -1088
111 -1344
110 -1728
110 -2226
-145 -2354
-145 -2623
239 -2624
367 -2367
239 -2112
110 -1714
-146 -1457
-17 -1329
-18 -1202
-145 -818
-145 -561
-18 -178
-160 79
-31 463
-32 847
-32 847
-32 846
-159 1216
96 1615
-32 1871
-32 1871
-31 1999
-32 2112
96 2112
97 1743
-32 1614
-160 1358
-159 1230
-159 1216
97 705
225 463
-32 320
111 -64
110 -448
110 -945
-18 -1201
-17 -1599
239 -1855
238 -2239
239 -2368
110 -2495
238 -2495
238 -2225
-17 -2353
-17 -2354
-145 -1841
-18 -1201
-18 -1202
-146 -946
-145 -832
110 -689
-18 -177
-32 79
-31 463
-287 718
-160 847
-287 974
-160 1358
-160 1870
-160 1856
97 1728
97 1728
97 1728
96 1614
-160 1614
-159 1486
-160 1359
-31 975
-31 448
97 207
-31 207
-18 -448
110 -945
-17 -1330
-145 -1330
-146 -1471
239 -1855
239 -2097
-18 -1969
-17 -2098
-146 -2240
111 -2353
-17 -2111
238 -1969
-17 -1842
-146 -1457
-17 -1088
110 -689
-18 -448
110 -433
-17 -305
-32 79
-32 832
96 1088
96 1102
-159 1231
-31 1487
-287 1743
-32 1871
-32 1871
-31 1999
-31 1985
224 1857
225 1743
-31 1486
-159 1230
-415 974
-159 719
-31 462
-160 78
-146 -177
-18 -704
111 -1073
-17 -1329
-18 -1472
110 -1728
111 -2097
-17 -2353
-17 -2353
-18 -2225
-17 -2354
-145 -2368
110 -2239
238 -1984
111 -1585
-17 -1599
239 -1343
238 -945
-18 -690
-145 -305
-18 -177
-31 207
-31 718
-159 718
-159 975
-31 1473
225 1729
224 2127
-32 2127
-31 1984
96 1856
97 1728
96 1856
96 1614
-160 1345
224 1089
225 961
224 847
-32 335
-273 -64
110 -447
238 -689
-18 -1216
111 -1344
367 -1344
110 -1969
-18 -2240
111 -2368
111 -2112
111 -2353
-17 -2354
-146 -1969
-273 -1842
-146 -1457
-17 -1344
110 -1216
110 -1201
-17 -561
-17 -320
96 64
97 448
97 704
97 974
-160 1103
-31 1231
-32 1871
-32 1870
-160 1614
-160 1614
-159 1999
-32 1871
-287 1743
-32 1558
