224 2624
96 2113
225 1729
225 961
238 -192
366 -1472
366 -1984
111 -2624
111 -3647
238 -4288
367 -4672
367 -4671
239 -4927
494 -5056
367 -4672
111 -3391
238 -2240
110 -1472
111 -576
97 718
-159 1999
-31 2497
224 2368
97 2240
97 2241
225 1984
352 1856
96 1856
97 1999
-31 1984
96 1345
224 1088
352 833
481 719
-31 463
-18 -192
110 -447
238 -448
367 -1088
110 -2240
111 -3647
238 -4544
110 -5553
-18 -6848
111 -6976
110 -6592
110 -5824
367 -4671
239 -3392
110 -1472
96 320
353 1472
353 2240
96 3648
97 4815
-31 5327
-31 5327
-31 5071
-32 4928
96 4160
96 2369
224 64
110 -2240
111 -4416
367 -6207
238 -7871
239 -8255
239 -7744
110 -6847
239 -6449
-17 -5696
111 -4416
110 -2737
-17 -1329
-288 79
-32 1856
96 3648
352 4672
352 5184
352 5184
352 5184
352 4928
353 3776
97 3009
224 2126
-160 1103
-18 -703
238 -2240
111 -3392
111 -4416
367 -5439
239 -6464
110 -6578
-146 -6592
110 -6336
111 -5951
239 -5439
238 -4018
-145 -2880
111 -1856
111 -1344
111 -575
224 833
225 2241
224 3136
97 4288
97 5568
96 6208
97 6336
97 5838
-160 5455
-32 4943
-32 3904
96 2624
96 1601
224 833
239 -831
238 -2482
-146 -4273
-17 -5425
-18 -6079
239 -7231
494 -7615
494 -7360
366 -7104
110 -6577
-17 -5681
-17 -3904
110 -1983
238 -689
-31 448
97 1728
96 2880
96 3904
97 4288
96 4417
224 4673
225 4801
224 4161
224 2369
224 590
-146 -689
-17 -1856
110 -2993
-18 -3249
-17 -3391
239 -2879
238 -3007
239 -2880
367 -2368
111 -1344
110 -192
96 576
97 1472
96 2880
96 3648
96 3905
225 3520
353 3776
97 3776
97 2752
96 1871
-32 1088
97 192
111 -1074
-146 -2240
110 -3008
111 -3392
110 -4017
-17 -4928
111 -5183
239 -4927
238 -4799
495 -4416
110 -4032
110 -3007
239 -1599
238 -959
238 -704
367 -63
225 719
-32 1089
224 1856
96 2880
96 4161
225 4815
-32 4942
-160 4687
-32 4687
-32 4416
96 3905
225 3008
353 1985
224 1345
224 321
239 -832
110 -2239
239 -3135
238 -3776
110 -4800
111 -5183
239 -5184
367 -4928
111 -5169
-18 -5055
238 -4031
238 -2495
238 -1472
110 -704
96 334
-160 1600
97 2497
224 2625
225 3008
352 3393
225 3776
96 3137
224 1856
353 448
111 -575
238 -1728
110 -2751
239 -3135
239 -3136
110 -3008
110 -3264
367 -3648
367 -2865
-18 -2225
-17 -1586
-145 -832
111 -63
225 961
225 1728
96 2113
225 2240
353 2240
97 1985
225 1472
352 833
225 705
225 207
-17 -818
-145 -1855
238 -2240
111 -2624
111 -3135
495 -3904
367 -4671
239 -4672
111 -4415
239 -4160
111 -4416
111 -3647
239 -2367
238 -1728
111 -1600
110 -1215
239 -576
352 321
225 705
224 1600
353 2753
225 3521
225 3776
352 3648
96 3904
96 3649
225 3265
225 2497
225 1729
225 1216
96 320
110 -703
238 -2239
238 -3008
367 -3903
238 -5056
110 -5823
239 -5951
238 -5567
495 -5183
239 -5169
-18 -4543
238 -3264
366 -2240
366 -1471
239 -576
97 704
353 1985
224 2881
225 3009
225 3264
352 3904
352 3648
97 2752
97 1473
224 321
238 -704
367 -2112
366 -3263
238 -3775
238 -4031
239 -4160
110 -4288
110 -4031
238 -3264
366 -2495
239 -2112
110 -945
-32 321
225 1472
96 2113
225 2497
225 3008
352 3137
225 2496
96 2127
-32 1601
224 832
110 -177
-18 -1457
-18 -2751
238 -3264
111 -3392
111 -4671
238 -5568
366 -5297
-18 -5056
111 -4928
110 -4544
111 -3648
111 -2367
238 -1728
367 -1343
495 -831
239 -320
96 591
-31 1487
-32 2112
96 3392
97 4289
225 4545
225 4289
225 4033
224 3648
96 3137
224 2369
225 1473
224 577
238 -192
367 -1344
366 -2752
110 -3775
238 -4544
622 -5311
239 -5681
-17 -6208
110 -5824
366 -5568
367 -5440
366 -4543
239 -2879
239 -1585
-18 -960
111 -64
96 1103
-31 2240
97 2752
96 2894
-159 3264
96 3663
-31 3776
97 2497
225 961
224 64
366 -704
366 -1727
239 -2368
367 -2368
366 -2495
495 -2880
111 -2879
239 -2880
110 -2495
239 -1841
-18 -945
-17 -575
224 321
224 1344
352 2113
224 2113
225 1984
97 2255
-31 1729
224 1103
-32 591
-32 320
367 -576
366 -1728
111 -2609
-18 -3008
111 -3121
-18 -3776
110 -4288
110 -4274
-145 -4160
111 -3903
239 -3903
238 -3008
110 -1984
111 -1088
111 -1073
-17 -832
111 -319
224 65
225 449
224 1089
224 2112
352 2880
96 3136
97 3023
-31 2766
-159 3023
-32 2624
97 1985
224 1600
96 1344
96 833
224 64
111 -1343
239 -2368
367 -2623
494 -3775
238 -4543
239 -4671
239 -4415
238 -4287
239 -4416
366 -4032
366 -2751
238 -1728
110 -1216
111 -831
224 65
225 1473
225 1984
97 1984
96 2383
-31 3023
-32 2895
-31 2255
-31 975
-32 79
-17 -562
-145 -1344
111 -1841
-17 -1586
-146 -1471
238 -1728
111 -1585
-17 -1855
238 -1457
-17 -832
110 -448
110 -191
224 320
96 1088
96 1600
97 1728
97 1487
-32 1358
-160 833
225 192
111 -64
110 -191
238 -959
238 -1983
238 -2481
-17 -2623
238 -2752
111 -3136
111 -3633
-18 -3775
239 -3391
238 -3007
239 -2879
238 -2225
-18 -1472
110 -945
-17 -818
-146 -960
111 -831
239 -320
111 -319
224 64
353 1217
224 1871
-31 1984
97 1985
224 1856
96 2112
96 2113
224 1344
97 719
-31 448
97 449
238 -191
239 -1599
239 -2368
111 -2879
238 -3519
239 -4160
366 -4543
238 -4543
238 -4288
111 -4671
239 -4160
110 -3008
110 -1983
239 -1855
238 -1471
495 -831
224 321
224 1089
225 1473
224 1601
224 1857
225 2241
224 1601
224 591
-18 -177
-17 -832
111 -1344
111 -1841
-18 -1728
110 -1472
111 -1600
111 -1855
239 -1855
238 -1471
238 -960
367 -831
239 -575
238 -192
352 576
353 705
225 705
224 320
97 705
225 449
239 -575
238 -960
366 -959
239 -1330
-145 -2112
111 -2367
495 -2367
239 -2097
-17 -2624
110 -3007
239 -2880
367 -2367
239 -2368
110 -2496
111 -1855
238 -1215
239 -575
239 -832
366 -1215
239 -1088
111 -576
110 -448
111 -319
224 577
225 1217
224 1857
225 1984
97 2240
352 2369
225 2240
352 2113
224 1856
96 1601
225 1472
96 833
239 -319
239 -1073
-18 -1472
111 -2111
238 -3007
239 -3647
239 -3903
238 -4017
-18 -4529
-18 -4287
239 -3648
367 -2624
111 -2368
367 -2368
366 -1472
367 -319
225 193
224 576
353 961
224 1615
-31 1998
-159 1728
97 961
225 192
110 -177
-18 -703
238 -1215
238 -1216
110 -703
239 -575
238 -959
238 -1215
238 -959
239 -575
238 -191
224 65
225 193
224 833
225 961
224 577
224 321
224 320
367 -49
-17 -561
-18 -960
110 -960
110 -1216
111 -1855
239 -2368
366 -1983
238 -1727
239 -2112
367 -2623
238 -2495
239 -1856
110 -1713
-17 -1855
238 -2240
111 -1585
-18 -704
111 -1088
111 -1600
110 -1472
111 -1330
-146 -1457
-17 -1087
239 -575
225 719
-31 974
-160 1089
224 1345
225 1985
481 2240
353 1984
97 1984
97 1729
225 1472
97 974
-145 -49
-17 -832
110 -1201
-18 -1728
110 -2752
111 -3392
110 -3776
111 -3633
-18 -3762
-145 -4401
-17 -3903
238 -3264
367 -2880
366 -2496
110 -1728
110 -959
239 -319
239 -64
352 321
225 1216
97 1985
224 1857
224 832
352 576
96 576
97 192
367 -319
238 -191
238 -191
224 64
110 -448
110 -448
110 -448
111 -576
366 -192
110 -192
96 64
96 576
96 576
110 -191
239 -320
111 -320
110 -689
-18 -1471
238 -1727
238 -1728
366 -1728
111 -2368
110 -2751
238 -2240
110 -1713
-18 -1727
239 -2112
367 -1856
110 -1457
-274 -1215
239 -1344
366 -1215
239 -576
96 79
-18 -192
111 -832
367 -1087
494 -1471
495 -1856
366 -1983
494 -1216
622 -704
622 -192
622 -192
623 -64
353 192
353 449
481 449
480 321
224 64
353 192
623 -63
750 -959
751 -1599
751 -1856
623 -2623
750 -4287
1007 -5184
878 -5312
878 -5567
1007 -6207
1263 -6720
1135 -6464
1391 -5951
1519 -5951
1518 -6080
1391 -6207
1774 -5568
1903 -5440
1902 -5312
2158 -5055
2287 -4927
2286 -4544
2415 -4927
2798 -6336
2927 -7231
2798 -7871
3055 -9023
3567 -10048
3950 -10687
4078 -10943
4335 -11584
4718 -12736
5230 -14015
5359 -14912
5743 -15423
6127 -16703
6639 -17983
7150 -19136
7535 -20287
7918 -21695
8430 -23744
8814 -25535
9455 -27456
10095 -29504
10863 -31808
11628 -33983
12524 -36288
13164 -38848
13932 -41664
14701 -44608
15725 -46912
16492 -49088
17516 -51904
18797 -55360
19820 -58560
21101 -61504
22381 -64575
23790 -68543
25327 -72767
26863 -76608
28526 -80319
29935 -85311
31726 -91070
33646 -96957
35565 -102462
37484 -108478
39532 -114621
41708 -120766
44140 -126909
46574 -133821
49135 -141117
52207 -148797
54766 -156350
57453 -164669
60653 -173373
63981 -182848
67180 -192447
70639 -202304
74607 -213055
78575 -224831
82412 -237247
86508 -250048
90990 -263103
95470 -277181
100334 -292029
105197 -306750
110188 -321726
115310 -337597
120815 -354110
126828 -370624
132717 -387391
138990 -404927
145391 -423487
152044 -442559
158703 -461629
166126 -481725
173293 -502845
180975 -524606
189039 -546624
196973 -569408
205422 -593599
213999 -619839
223213 -646461
232430 -673469
242157 -701758
251759 -730941
261869 -760128
272239 -790335
283116 -821439
294127 -853821
305644 -887486
317038 -921535
328684 -956352
341103 -992319
353773 -1029437
366575 -1067326
380012 -1105599
393455 -1145151
407023 -1186112
421229 -1228094
435567 -1270590
450414 -1313728
465516 -1358272
480622 -1403838
495983 -1449534
511852 -1495743
528109 -1543488
544622 -1591998
561262 -1640893
578284 -1690303
595693 -1741119
613102 -1792702
630894 -1844926
648813 -1897791
666861 -1951040
685165 -2005309
703471 -2060351
722159 -2115648
741231 -2171198
760428 -2227902
779372 -2285248
798828 -2343360
818285 -2401341
837868 -2459327
857582 -2518208
877167 -2576446
896879 -2634558
916591 -2692671
936173 -2751293
955884 -2810045
975596 -2868160
995181 -2926143
1014765 -2984509
1034222 -3042495
1053423 -3099968
1072494 -3156925
1091310 -3213501
1109997 -3270464
1128556 -3326655
1146861 -3382077
1164527 -3436608
1181806 -3491007
1199342 -3543998
1216364 -3595197
1232621 -3645503
1248750 -3694783
1264366 -3742909
1279468 -3788734
1293934 -3832765
1308143 -3875135
1321197 -3916351
1333999 -3955517
1346284 -3992254
1357679 -4027197
1368556 -4060607
1378542 -4091840
1387629 -4120639
1396206 -4146623
1404140 -4171197
1411052 -4194237
1416943 -4214589
1422572 -4232382
1426796 -4247486
1429869 -4259645
1432303 -4268861
1433838 -4275133
1434095 -4278589
1433583 -4279358
1431918 -4277437
1429231 -4271934
1425519 -4262974
1420652 -4251069
1414892 -4235711
1407983 -4217663
1399791 -4195647
1390317 -4170303
1379823 -4142142
1368428 -4110782
1355887 -4075584
1342061 -4036672
1326956 -3994560
1310831 -3949374
1293420 -3900352
1274989 -3847744
1255276 -3792062
1234796 -3733182
1212782 -3670464
1189996 -3603645
1166061 -3533888
1140845 -3461695
1114605 -3386174
1087599 -3306815
1059055 -3224382
1029996 -3139264
999788 -3051453
968430 -2960320
936556 -2865598
903535 -2768959
869356 -2670270
834414 -2568895
798956 -2464701
762348 -2357440
725102 -2248127
687084 -2135998
648300 -2021055
608751 -1904189
568814 -1785792
527982 -1665727
486636 -1543613
445164 -1419456
402796 -1294016
360045 -1167166
317036 -1039295
273644 -909757
229869 -779837
185581 -649280
141164 -517823
96492 -385470
51820 -252096
7020 -118451
-37920 15439
-82719 149709
-127264 283468
-171424 416079
-215583 547532
-259231 677580
-302239 804302
-345248 930892
-387488 1057868
-429216 1184079
-470814 1309261
-511774 1433167
-552222 1555022
-592029 1674956
-630943 1793231
-669472 1910092
-707229 2024399
-744222 2135629
-780576 2244943
-816157 2352589
-850718 2458445
-884767 2561231
-917790 2662479
-950048 2761805
-981278 2858318
-1011615 2951628
-1041056 3041615
-1069341 3129037
-1096736 3213391
-1122847 3294668
-1148064 3372109
-1172509 3446991
-1195549 3518669
-1217821 3587021
-1238813 3651791
-1258526 3713102
-1277342 3771212
-1295264 3826510
-1311647 3877838
-1327006 3925583
-1341214 3970380
-1354399 4012237
-1366557 4050638
-1377440 4085326
-1387165 4116942
-1395872 4145998
-1403294 4171340
-1409693 4192972
-1415328 4211277
-1419551 4227020
-1422749 4239565
-1425182 4248909
-1426462 4254540
-1426590 4257613
-1425694 4257869
-1423902 4254540
-1421214 4247884
-1417374 4238412
-1413024 4226638
-1407392 4212047
-1400864 4194639
-1393694 4174926
-1385888 4153678
-1377439 4129997
-1367838 4103756
-1357471 4074957
-1346333 4043982
-1334432 4011086
-1322142 3976525
-1309471 3939788
-1296030 3900492
-1281949 3859919
-1267488 3817807
-1252126 3773773
-1236509 3727564
-1220512 3680335
-1203999 3632078
-1187230 3582029
-1169949 3530957
-1152543 3478735
-1134879 3426254
-1116575 3372749
-1098269 3317711
-1079581 3262926
-1061021 3208140
-1041824 3152460
-1022623 3096015
-1003552 3039310
-983965 2982605
-964637 2925774
-945309 2868686
-925597 2811340
-906143 2753741
-886559 2696142
-866976 2638412
-847519 2579917
-828191 2521039
-808733 2462927
-789533 2405068
-770462 2346830
-751518 2289486
-732576 2232908
-713631 2176461
-695328 2120271
-676895 2064334
-658846 2009421
-640797 1955021
-623135 1901518
-605599 1848269
-588320 1795661
-571166 1744719
-554525 1694414
-537759 1644236
-521887 1594573
-505885 1546190
-490141 1498830
-474527 1451726
-459679 1405645
-444958 1360717
-430368 1316686
-416159 1272014
-402078 1229645
-388640 1189452
-375198 1150028
-362142 1110862
-349599 1072334
-337054 1034828
-325023 998349
-313373 962764
-301983 928206
-290717 893902
-279712 861007
-269085 829388
-258976 798028
-248989 766924
-239520 736845
-230173 707791
-220704 679503
-211741 652494
-203166 626252
-194975 601549
-186909 577997
-179231 554444
-171423 531404
-164254 509518
-157343 488399
-150559 467918
-144030 447566
-137630 428111
-131616 409677
-125726 391757
-120093 373708
-114592 355917
-109344 339277
-104478 323149
-99613 307662
-94879 292559
-90400 278095
-86048 264526
-82077 251599
-78365 238799
-74271 227278
-70559 216783
-67104 206669
-63773 196557
-60702 186701
-57629 178124
-54685 170189
-51999 162253
-49184 154189
-46624 146764
-44191 140236
-42143 133580
-39838 126541
-37662 119372
-35741 112844
-33694 106575
-31773 100558
-30112 94799
-28448 89679
-26655 84686
-25248 79695
-24095 75215
-22815 71119
-21536 67407
-20253 63695
-18973 60111
-17949 56527
-16925 53454
-16030 50766
-15261 47822
-14238 44623
-13342 42063
-12573 39630
-11934 37198
-11165 34511
-10527 32206
-10143 29903
-9248 27726
-8608 25678
-8096 24142
-7584 22863
-7199 21966
-6560 20303
-5919 18894
-5791 17870
-5536 17231
-5151 16591
-4640 15438
-4512 14414
-4255 14287
-3871 13775
-3615 12494
-3488 11086
-3231 9935
-2848 9294
-2719 8654
-2464 8014
-2208 8015
-2080 8015
-2079 8143
-1824 7759
-1823 7374
-1695 7375
-1568 7246
-1440 6991
-1311 6606
-1183 6351
-1312 6479
-1311 5582
-1183 4302
-1183 3023
-800 2382
-672 1614
-671 206
-658 -178
-402 -434
-401 -817
-530 -1457
-530 -1202
-401 -561
-274 -433
-274 -433
-17 -306
-160 78
-415 1231
-287 1487
-288 1614
-416 1871
-288 2639
-287 3278
-160 2894
-159 2255
-32 1856
97 1743
-31 1216
97 704
97 718
-159 975
-287 975
-288 590
-415 718
-160 576
96 591
-31 719
-31 462
-159 463
-32 847
-31 975
-32 335
-32 64
97 192
111 -63
239 -817
-18 -1201
-17 -1073
-17 -1344
110 -2240
111 -2368
110 -1969
-17 -1088
110 -960
111 -1329
-17 -1074
-145 -575
239 -306
-146 -433
-18 -192
96 576
96 1102
-160 847
-32 79
-17 -305
-18 -448
111 -305
-18 -434
-145 -49
-31 192
97 718
-159 719
-31 719
-32 1103
-32 1344
97 1472
96 1359
-32 1615
-32 1856
96 1615
-31 463
-17 -305
-17 -562
-145 -1074
-146 -2240
111 -2865
-18 -2737
-17 -2880
110 -3264
110 -3776
110 -3263
239 -2609
-17 -2368
110 -2240
111 -1600
110 -704
110 -191
225 193
224 577
225 1472
97 1985
225 1729
224 1102
-159 463
-32 335
-31 206
-146 -178
-159 192
97 448
353 704
96 64
111 -64
97 192
352 320
96 576
97 449
225 463
-32 591
-32 576
111 -50
-145 -305
-18 -447
238 -704
110 -1728
111 -2097
-18 -2240
110 -1983
239 -2368
111 -2609
-18 -1984
111 -1343
239 -1344
111 -1329
-18 -1216
110 -959
239 -561
-17 -561
-18 -447
225 192
97 704
97 448
110 -192
366 -447
238 -433
-18 -689
-17 -1329
-18 -689
-17 -49
-31 463
-31 448
352 320
353 705
225 960
97 1472
97 1217
224 1103
-31 1472
97 1473
225 705
239 -64
367 -319
238 -959
239 -2112
111 -2354
-145 -2353
-18 -2496
110 -3249
-274 -3762
-145 -3377
-18 -2752
111 -2609
-18 -2495
238 -1969
-17 -1330
-146 -689
-18 -433
-17 -49
-32 832
353 1472
352 1345
225 704
97 192
96 64
96 64
111 -320
366 -448
366 -191
224 335
-32 79
-31 193
224 320
353 192
97 448
97 448
96 320
96 576
97 704
97 192
110 -192
110 -448
366 -703
239 -1599
494 -2239
239 -2112
110 -1984
111 -2624
367 -2880
367 -2368
111 -1585
-18 -1472
111 -1856
110 -1472
110 -959
239 -576
366 -689
-18 -448
96 321
224 832
96 577
239 -63
239 -575
239 -831
239 -831
238 -1216
111 -832
111 -64
96 320
352 64
367 -320
353 192
97 705
225 961
224 1089
225 1217
224 1344
97 1217
225 961
225 448
96 64
111 -576
366 -1472
111 -2609
-18 -3007
238 -3007
238 -3263
239 -3647
239 -3378
-145 -2865
-18 -2752
111 -2609
-17 -2353
-17 -1344
110 -448
367 -319
224 64
97 961
224 1871
-32 1600
97 719
-31 207
-31 448
97 192
111 -319
238 -191
224 65
480 320
96 65
239 -319
238 -433
-18 -447
239 -561
-17 -305
-18 -177
-32 64
97 192
96 64
111 -576
111 -562
-145 -576
110 -1215
494 -1728
111 -1586
-146 -1713
-17 -1841
-274 -2225
-18 -1983
239 -1585
-17 -1585
-18 -1727
238 -1728
367 -1343
238 -703
239 -575
238 -703
238 -177
-31 704
97 448
111 -562
-145 -1088
110 -1216
110 -1216
110 -1457
-18 -960
110 -191
224 591
-32 846
-160 591
-32 1088
96 1345
224 1344
352 1600
97 1742
-159 1743
-32 1615
-32 832
97 192
367 -64
367 -561
-18 -1984
111 -2624
110 -2752
110 -3008
111 -3904
110 -4287
238 -4017
-17 -3378
-145 -2865
-17 -2865
-17 -2367
238 -1215
239 -561
-17 -49
-32 320
352 832
352 1600
97 1984
97 1473
225 1217
225 961
224 576
96 64
111 -64
96 321
225 463
-31 192
111 -305
-17 -49
-17 -64
110 -177
-17 -320
110 -448
111 -320
97 207
-18 -177
-17 -831
238 -703
239 -817
-17 -1330
-145 -1856
111 -1856
110 -1727
238 -1970
-145 -2098
-145 -1856
110 -1457
-18 -1201
-18 -1472
110 -1472
110 -960
110 -704
110 -960
111 -1073
-17 -576
97 192
97 207
-18 -448
110 -959
238 -960
110 -945
-17 -1344
111 -1073
-31 207
-31 718
-160 832
96 1088
96 1358
-159 1728
96 1857
224 1871
-32 1615
-31 1728
97 1729
225 975
-17 -64
111 -832
111 -1600
111 -2624
366 -3520
366 -3775
239 -3904
367 -4145
-18 -4543
239 -4159
238 -3264
111 -2623
239 -2111
238 -1727
239 -575
224 591
-31 463
-31 704
96 1600
97 2496
97 2752
352 2113
225 1216
97 719
-32 334
-146 -433
-18 -689
-18 -704
111 -320
111 -561
-17 -817
-18 -945
-18 -703
239 -576
111 -562
-145 -576
110 -192
97 448
96 320
111 -64
111 -320
110 -448
111 -832
111 -1343
238 -1472
366 -1215
239 -1329
-17 -1841
-17 -2112
111 -1841
-17 -1600
110 -2239
238 -2495
238 -2240
367 -1855
238 -1727
239 -1856
110 -1471
239 -832
367 -575
238 -960
366 -1216
366 -1215
238 -1216
110 -960
111 -575
224 64
96 1088
96 1344
97 1231
-31 1487
-32 2112
96 1857
225 1743
-31 1231
-31 1231
-31 1231
-31 463
-18 -704
111 -1330
-146 -1713
-18 -2752
110 -3761
-17 -3903
238 -4032
110 -4032
110 -4544
111 -4145
-18 -3264
111 -2880
367 -2624
111 -1856
110 -1216
110 -177
-31 206
-160 576
97 1231
-32 2368
97 2496
96 1615
-31 704
97 192
111 -320
110 -959
239 -1343
238 -1201
-18 -689
-17 -832
110 -1216
110 -1472
111 -1088
111 -817
-18 -689
-17 -1088
111 -817
-18 -191
239 -49
-18 -192
110 -447
238 -447
238 -704
110 -1216
111 -1600
366 -1727
238 -1728
366 -1984
367 -1841
-17 -1600
111 -1344
110 -1728
366 -1983
238 -1727
238 -1472
110 -1216
111 -1087
238 -703
480 64
353 448
111 -319
238 -703
238 -703
239 -575
495 -576
367 -575
225 192
353 961
225 1217
224 1088
97 1231
-32 1870
-160 1857
225 1473
224 1089
224 1344
96 1344
96 577
238 -448
111 -1087
239 -1599
239 -2367
238 -3264
110 -3519
238 -3520
110 -4032
110 -4273
-17 -3903
239 -2879
238 -2240
110 -1728
111 -1343
238 -704
97 448
96 1103
-31 1487
-31 1984
97 2496
96 3151
-32 2368
96 1344
96 832
97 448
110 -447
239 -831
239 -576
366 -447
239 -561
-18 -960
111 -1087
239 -831
238 -191
239 -64
110 -192
97 449
481 1217
225 1216
96 591
-32 320
97 449
225 192
367 -575
238 -690
-145 -817
-17 -1073
-18 -1457
-17 -1855
238 -1713
-18 -1714
-146 -1969
-18 -2240
366 -2240
111 -1855
238 -1472
111 -1585
-18 -1457
-17 -561
-32 64
366 -447
239 -1087
239 -832
111 -576
110 -704
367 -319
225 704
96 1345
225 1743
-32 1871
-31 1729
224 2113
225 1984
97 1728
97 1216
97 960
96 847
-32 320
110 -960
111 -1856
111 -2097
-17 -2879
239 -3633
-18 -4017
-18 -4032
110 -4287
239 -4671
239 -4416
110 -3520
367 -2623
239 -2097
-18 -1728
110 -960
352 64
352 576
96 833
225 1216
97 2255
-31 2752
96 2113
224 1088
96 591
-32 321
239 -320
110 -959
239 -831
238 -704
111 -831
238 -1216
366 -1216
366 -960
111 -561
-18 -689
-18 -434
-145 -305
-31 207
-31 448
97 192
110 -192
111 -64
110 -433
-18 -1216
111 -1600
110 -1457
-18 -1728
111 -2623
239 -2879
238 -2240
110 -1983
239 -2111
239 -2624
111 -2353
-17 -2112
111 -1856
622 -1727
494 -1471
238 -703
494 -192
111 -320
111 -832
110 -1201
-18 -945
-18 -960
111 -832
111 -320
96 320
97 960
96 1089
225 1217
225 1729
225 1743
-31 1743
-32 1615
-31 1472
96 1600
353 960
366 -191
239 -1073
-17 -1074
-146 -1970
-145 -3122
-146 -3520
111 -3392
111 -3648
110 -3775
239 -3904
366 -3263
238 -2240
111 -1855
239 -1600
111 -1073
-32 65
225 705
225 704
96 1103
-32 2113
225 2752
352 2113
224 1089
225 704
353 192
110 -703
239 -1088
110 -960
367 -320
110 -433
-17 -832
110 -945
-18 -689
-18 -447
238 -191
224 65
224 320
97 704
96 889
