111 -2880
110 -5568
111 -6705
-17 -7986
-146 -9649
-17 -11327
238 -12480
111 -12593
-18 -12465
-18 -11953
-18 -11968
111 -11839
238 -11455
238 -10673
-17 -9009
-273 -6450
-146 -4274
-146 -2994
-145 -1586
-160 335
-32 3406
-159 5839
-32 6991
-31 8128
97 9920
96 11343
-32 12111
-32 12352
97 12239
-31 12224
97 12239
-32 11855
-31 10944
97 9664
97 7631
-287 5070
-159 3279
-32 2127
-288 591
-273 -2112
111 -5425
-18 -7090
-145 -8241
-17 -10048
110 -11697
-18 -12721
-18 -12479
238 -12480
110 -12466
-146 -12209
-273 -12096
111 -11569
-18 -10673
-17 -9024
110 -6833
-17 -4401
-17 -2866
-145 -1600
96 320
97 3278
-160 5696
97 6848
96 8270
-160 9806
-159 11456
96 11840
96 12110
-160 12367
-31 12238
-159 11726
-160 11343
-31 10959
-32 9806
-160 7503
-287 5056
96 3662
-160 2126
-159 974
-145 -1585
-18 -5056
110 -6834
-146 -7857
-18 -9650
-145 -11328
110 -12466
-146 -12722
-146 -12978
-146 -12736
111 -12593
-18 -12224
110 -11953
-17 -11058
-146 -9394
-145 -6961
-17 -4913
-18 -3249
-17 -2097
-18 -178
-160 3151
-32 5710
-160 6990
-159 8142
-159 9920
96 11343
-31 11982
-159 11983
-31 11983
-32 12110
-160 12096
96 11840
96 11343
-31 9920
96 8000
96 5455
-31 3279
-32 2112
96 847
-18 -1713
-17 -4914
-145 -6706
-146 -8114
-145 -9521
-17 -11072
111 -12081
-18 -12736
111 -12608
111 -12338
-145 -12338
-145 -12081
-18 -11698
-146 -10673
-17 -9265
-273 -6962
-402 -4786
-145 -3121
-17 -2112
111 -561
-32 2369
224 5199
-32 6720
97 7887
-32 9551
-32 11086
-159 11982
-159 12224
97 12239
-32 12111
-32 12366
-159 11727
-287 10959
-32 9793
224 7759
-31 5327
-32 3393
225 1984
97 718
-146 -1713
-17 -4928
110 -6834
-146 -8114
-145 -9521
-18 -11185
-274 -12466
-401 -12850
-146 -12977
-18 -12735
239 -12608
111 -12337
-17 -11825
-17 -11057
-18 -9649
-17 -7473
-18 -5041
-17 -3122
-145 -2097
-18 -448
96 2382
-160 5184
97 6862
-159 7886
-415 9422
-160 11072
97 11982
-160 12111
-31 12224
97 12239
-32 12110
-160 11584
97 11201
224 10049
225 8143
-32 5711
-31 3777
224 2368
96 1102
-146 -1201
-17 -4416
110 -6592
111 -7744
110 -9152
111 -11057
-17 -12337
-17 -12850
-146 -12465
-17 -12593
-17 -12337
-17 -12081
-274 -11698
-146 -10929
-18 -9393
-18 -7346
-145 -4914
-146 -3250
-146 -1970
-146 -434
-160 2368
96 4943
-32 6734
-159 7887
-287 9423
-287 10958
-160 12110
-159 11982
-159 11982
-160 12110
-160 12367
-31 11982
-160 11343
-32 10318
-160 8526
-160 5966
-159 4047
-32 2382
-160 1103
-18 -1201
-17 -4416
111 -6720
110 -8113
-18 -9393
-17 -11058
-146 -12210
-146 -12721
-18 -12480
110 -12209
-17 -12081
-18 -12210
-145 -11826
-145 -11313
-18 -9905
-18 -7601
-17 -5184
110 -3520
111 -2353
-18 -704
96 1856
96 4672
97 6336
97 7631
-32 9295
-31 11215
-31 11968
97 12239
-31 12239
-31 11983
-32 12096
96 11855
-32 11343
-31 10191
-32 8527
-31 6094
-159 3790
-160 2368
97 960
111 -1073
-18 -4017
-18 -6578
-146 -7858
-146 -9138
-145 -10545
-18 -11698
-146 -12466
-145 -12594
-145 -12593
-17 -12338
-146 -12209
-18 -11954
-146 -11200
111 -9777
-273 -7730
-145 -5170
-146 -3505
-17 -2354
-146 -946
-416 1615
-288 4686
-160 6478
-160 7488
96 9038
-159 10703
-32 11855
-31 12238
-159 11982
-159 11982
-159 11982
-160 11599
-32 11072
97 10191
-32 8527
-287 6350
-160 4174
-159 2752
97 1472
110 -433
-18 -3762
-145 -6449
-18 -7601
-18 -9152
110 -10688
111 -11840
110 -12465
-18 -12721
-18 -12465
-18 -12209
-17 -12352
110 -11953
-17 -11328
111 -10033
-17 -7985
-17 -5682
-145 -3634
-146 -2482
-146 -1202
-159 1486
-159 4544
96 6464
96 7502
-160 9039
-31 10703
-32 11584
97 11968
97 11968
97 11968
96 12096
97 12239
-32 11584
96 10575
-31 8911
-31 6863
-32 4431
-31 2767
-31 1472
110 -448
111 -3378
-146 -6065
-273 -7218
-145 -8498
-146 -10418
-146 -11953
-18 -12465
-18 -12736
110 -12722
-145 -12608
111 -12337
-18 -11697
-274 -11442
-145 -10033
-273 -7729
-274 -5554
-146 -3761
-18 -2481
-17 -1329
-31 960
96 4160
96 6464
97 7360
96 8527
-31 10447
-32 11584
96 11854
-160 12110
-159 12239
-32 12353
224 12111
-32 11598
-159 10703
-31 9166
-160 6991
-31 4302
-160 2624
352 1601
239 -305
-17 -3377
-273 -6207
238 -7616
111 -8497
-18 -10176
110 -11698
-146 -12466
-402 -12721
-274 -12722
-146 -12466
-146 -12210
-145 -11825
-18 -11199
238 -10176
111 -8498
-145 -5938
-145 -3889
-17 -2610
-146 -1216
96 1102
-159 4303
-287 6350
-160 7502
-159 8910
-160 10560
97 11712
96 12096
97 12239
-32 12096
97 12224
97 11968
97 11712
96 10830
-159 9422
-160 6990
-160 4430
-159 2767
-32 1344
110 -192
111 -3122
-146 -6066
-146 -7601
-17 -8767
238 -10176
110 -11441
-17 -12593
-17 -12593
-18 -12465
-18 -12465
-17 -12338
-145 -12081
-17 -11313
-17 -10304
110 -8369
-18 -6321
-18 -4032
110 -2752
110 -1472
96 832
96 3905
224 6208
96 7232
97 8384
96 10304
96 11343
-31 11969
224 12096
96 12111
-32 12111
-31 11969
224 11841
224 11087
-31 9423
-31 7375
-31 4814
-159 3008
97 1728
111 -50
-146 -2737
-17 -5695
239 -7217
-17 -8497
-18 -10161
-17 -11570
-146 -12465
-273 -12594
-146 -12465
-17 -12352
110 -12210
-146 -11953
-18 -11441
-17 -10802
-146 -8881
-17 -6449
-17 -4145
-17 -2624
110 -1216
352 577
224 3663
-31 5839
-31 7105
225 8384
97 10432
97 11727
-32 12111
-31 12239
-32 12367
-31 12495
-31 12238
-159 11727
-32 10831
-32 9295
-32 7246
-160 4687
-31 3023
-32 1615
-31 192
110 -2482
-145 -5425
-274 -7345
-18 -8625
-18 -9920
111 -11569
-18 -12465
-274 -12465
-17 -12337
-17 -12081
-18 -12209
-18 -11954
-146 -11441
-17 -10545
-273 -8754
-145 -6194
-145 -4145
-18 -2737
-18 -1728
97 207
-32 3407
-287 5838
-160 7247
-32 8512
97 10191
-288 11599
-287 12239
-32 12352
96 12352
97 12495
-32 12352
97 11983
-32 11342
-159 9935
-32 7759
-32 5199
-32 3392
96 2126
-159 462
-146 -2240
111 -5440
110 -7104
110 -8113
-17 -9777
-18 -11455
238 -12479
239 -12864
110 -12736
111 -12593
-18 -12480
111 -12337
-17 -11840
110 -10929
-17 -9010
-145 -6719
239 -4672
111 -3121
-18 -1969
-32 79
-31 3008
97 5583
-31 7104
352 8257
225 9920
97 11201
225 11968
97 12239
-32 12352
97 12239
-32 12096
96 11598
-159 11200
97 9664
97 7617
224 5455
-31 3535
-31 1998
-160 846
-145 -1585
-17 -5169
-18 -7089
-18 -8127
239 -9535
239 -11057
-17 -12352
111 -12607
239 -12352
111 -12352
110 -12209
-18 -12210
-146 -11697
-18 -10673
-17 -9009
-18 -6578
-145 -4416
111 -2865
-17 -1841
-17 -50
-159 3023
-31 5582
-159 6862
-159 7872
97 9665
225 11215
-32 12110
-160 12111
-31 12224
97 12224
97 12239
-32 11854
-160 11343
-32 10063
-288 8015
-288 5454
-160 3407
-31 1999
-32 591
-17 -1856
110 -5042
-146 -7104
111 -8000
110 -9393
-18 -11185
-17 -12352
111 -12608
110 -12480
110 -12465
-18 -12210
-145 -12096
110 -11712
111 -10802
-146 -9138
-146 -6833
-18 -4785
-18 -2994
-146 -1728
96 78
-159 2767
-288 5455
-32 6990
-160 8015
-31 9664
97 11215
-32 12096
97 12239
-31 12238
-160 12111
-31 12239
-32 12110
-160 11343
-288 10062
-415 7887
-32 5711
-32 3393
225 1999
-31 974
-146 -1201
-17 -4657
-18 -6848
110 -7871
238 -9393
-17 -11313
-18 -12465
-18 -12465
-18 -12736
110 -12722
-146 -12465
-17 -12337
-17 -11825
-18 -11185
-18 -9649
-274 -7346
-145 -4913
-273 -2880
111 -2097
-18 -448
97 2511
-32 5184
96 6721
224 8000
97 9679
-31 11200
97 11982
-159 12495
-287 12480
97 12239
-31 12225
224 11855
-32 11342
-160 10304
96 8270
-159 5582
-159 3534
-160 2126
-160 1088
111 -1344
110 -4529
-274 -6834
-145 -7985
-17 -9280
111 -11072
111 -12351
238 -12722
-145 -12849
-18 -12479
238 -12465
-18 -12210
-146 -11712
111 -10816
111 -9521
-18 -7360
111 -4928
111 -3392
110 -2496
110 -960
97 2240
96 4929
225 6337
224 7489
224 9025
224 10560
97 11200
96 11585
225 11712
97 11457
224 11584
353 11457
224 10817
225 9665
224 7489
225 4800
353 2497
224 1345
480 64
366 -2239
495 -5440
622 -8128
623 -9536
878 -10944
622 -12736
622 -14272
622 -15040
622 -15296
878 -15296
878 -15552
1135 -15424
1135 -15423
1007 -14912
1390 -13759
1519 -12096
1902 -9920
1903 -8256
1903 -7744
2159 -6720
2158 -4287
2543 -1856
2671 -575
2784 64
2912 1089
3040 1856
3169 2240
3424 1856
3681 1216
4193 448
4462 -447
4846 -1727
5358 -3263
5614 -5311
5871 -8256
6254 -11968
6767 -15424
7279 -18495
7663 -21056
8046 -24255
8686 -29120
9324 -33216
9837 -36416
10605 -39487
11244 -43199
12012 -46528
12652 -49343
13548 -51903
14572 -54208
15468 -56768
16237 -59456
17516 -62144
18541 -64320
19567 -66367
20974 -68032
22383 -69183
23535 -70976
25199 -73791
26606 -76992
28014 -78784
29806 -80320
31599 -83517
33262 -87742
35183 -91966
36974 -96190
39276 -101310
41580 -107454
43885 -114238
46444 -121277
48876 -128702
51567 -136509
54510 -145342
57454 -154814
60268 -165565
63468 -177343
66796 -189376
70510 -200896
74350 -212671
78319 -225856
82028 -240576
86125 -255039
90606 -268991
95215 -283453
99821 -298813
104941 -314430
109934 -329918
115310 -345021
120812 -360893
126445 -377663
132591 -395072
138606 -412608
145005 -430400
151661 -448319
158446 -466109
165359 -484414
172908 -504253
180463 -525117
188398 -546749
196588 -567743
205036 -589248
213615 -612672
222829 -637758
232046 -663485
241388 -689853
251116 -717245
261359 -746304
271725 -776767
282351 -808000
293485 -839998
304751 -873277
316396 -907968
328559 -943935
340716 -981183
353261 -1020477
366063 -1060413
379372 -1100477
392687 -1141055
406510 -1183424
420716 -1227710
435055 -1272893
449775 -1317696
464749 -1362751
479981 -1409342
495727 -1456446
511340 -1503935
527596 -1551552
544367 -1600061
560878 -1649086
577644 -1699008
595053 -1749568
612462 -1800381
630255 -1851453
648175 -1902655
666349 -1953855
684780 -2005950
703343 -2059583
721902 -2113727
740846 -2167485
760045 -2221117
778988 -2275775
798445 -2331711
817902 -2388158
837486 -2444480
856943 -2501696
876399 -2559805
896237 -2618429
915948 -2677439
935660 -2736061
955373 -2794813
975085 -2853951
994542 -2913471
1013999 -2973246
1033327 -3033920
1052782 -3093952
1071727 -3152702
1090925 -3210557
1109485 -3268415
1127660 -3326911
1145836 -3384509
1163758 -3439808
1181295 -3494207
1198574 -3548094
1215597 -3600701
1231853 -3651136
1247855 -3700031
1263342 -3747262
1278572 -3793341
1292780 -3837629
1306862 -3880384
1320300 -3921087
1332719 -3959358
1345133 -3995198
1356398 -4028605
1367277 -4060223
1377519 -4090688
1386861 -4119104
1395566 -4143808
1403245 -4165693
1410285 -4186173
1416175 -4205117
1421295 -4220989
1425901 -4234558
1429101 -4245565
1431277 -4254525
1432815 -4260925
1433326 -4264382
1432686 -4265149
1431023 -4262717
1428461 -4257598
1425005 -4250173
1420268 -4240062
1413997 -4227136
1407086 -4211135
1399021 -4191296
1389676 -4167360
1379182 -4140734
1367917 -4111677
1355246 -4079295
1341421 -4042303
1326319 -4001598
1310063 -3957566
1292908 -3910336
1274476 -3858880
1255023 -3803198
1234286 -3744192
1212271 -3681599
1189359 -3615805
1165550 -3546560
1140335 -3473472
1114220 -3396542
1087084 -3315903
1058799 -3231805
1029612 -3144640
999533 -3055421
968431 -2963263
936172 -2867134
903023 -2767423
869101 -2666045
834030 -2563007
798191 -2457149
762092 -2348224
724847 -2237504
686959 -2125118
648045 -2011199
608492 -1895102
568687 -1777216
527983 -1657407
486894 -1535934
445037 -1413440
402797 -1289792
360044 -1165758
317036 -1040575
273645 -913981
229869 -785214
185966 -655552
141679 -526656
97135 -397117
52463 -265791
8175 -133172
-36498 -690
-81055 131532
-125600 264012
-169888 396878
-213919 528845
-257568 658765
-300574 785486
-343197 911820
-385694 1039181
-427550 1166414
-468894 1292877
-509982 1418575
-550429 1542350
-590240 1663565
-629536 1782606
-668064 1900621
-705821 2017743
-742941 2132173
-779551 2243534
-815261 2352845
-849694 2460750
-883616 2565708
-917150 2667598
-949407 2766796
-980381 2863311
-1010976 2957132
-1040029 3047630
-1068445 3134924
-1096095 3218639
-1122592 3298636
-1147808 3374668
-1171870 3447118
-1195165 3517132
-1217181 3584204
-1238174 3647822
-1258142 3706959
-1276704 3762508
-1294495 3815886
-1311135 3866831
-1326365 3913678
-1340832 3957068
-1353887 3998156
-1365917 4036302
-1376927 4071630
-1386653 4103630
-1395359 4132303
-1402911 4157645
-1409566 4180045
-1414943 4199629
-1419040 4216909
-1422366 4231244
-1424798 4242508
-1426077 4250317
-1426462 4254541
-1425438 4256076
-1423773 4256205
-1420829 4252876
-1417117 4245453
-1412638 4235087
-1407519 4222414
-1400991 4207054
-1393821 4188110
-1385885 4166350
-1377184 4142157
-1367581 4115404
-1357472 4086348
-1346205 4054735
-1334559 4020687
-1322270 3984204
-1309343 3945421
-1296158 3904333
-1282077 3861967
-1267232 3818574
-1252253 3773388
-1236637 3725516
-1220767 3675854
-1204127 3626190
-1187486 3576140
-1170077 3524300
-1152670 3471182
-1135008 3417678
-1116832 3364172
-1098398 3310159
-1080094 3255631
-1061150 3200333
-1042206 3144269
-1022751 3088335
-1003552 3032398
-983968 2976589
-964382 2921807
-945182 2866254
-925854 2809933
-906271 2752972
-886687 2696398
-867232 2640972
-847776 2585420
-828317 2528719
-808989 2471886
-789662 2415693
-770592 2359374
-751520 2302543
-732703 2245837
-714016 2189645
-695582 2133838
-677022 2078286
-659102 2022988
-641184 1967948
-623264 1912910
-605856 1858125
-588573 1803724
-571549 1750222
-554653 1698255
-538144 1646925
-522015 1595085
-506141 1543631
-490270 1494350
-475040 1446735
-460064 1399372
-445085 1352653
-430621 1307343
-416543 1262798
-402845 1221324
-389024 1181260
-375711 1141452
-362653 1102031
-349728 1063759
-337438 1026892
-325535 991948
-313757 958669
-302367 925903
-291102 893519
-280352 861519
-269597 831180
-259487 802764
-249502 774732
-239775 746700
-230558 719182
-221342 692814
-212383 667343
-203805 641740
-195487 616397
-187424 591692
-179358 567884
-171936 544845
-164894 522062
-157853 499919
-151071 477646
-144541 455630
-138397 434126
-132255 413133
-126495 393933
-120861 375245
-115232 355916
-109983 336588
-104862 319052
-100254 303182
-95648 287311
-91167 272078
-86685 257486
-82589 244175
-78621 232143
-74784 220494
-71328 209231
-67615 198605
-64541 188621
-61469 179404
-58270 171853
-55326 165196
-52384 158796
-49567 152269
-47135 145613
-44831 139724
-42655 135629
-40224 131405
-38173 126412
-35998 121421
-34078 117071
-32285 113102
-30622 108878
-28829 103630
-27293 98510
-26016 93774
-24480 89678
-23200 85070
-21919 80334
-20640 75086
-19359 69838
-18589 63950
-17310 58447
-16414 54094
-15517 49871
-14621 44750
-13726 38990
-12957 34510
-12447 30926
-11680 27215
-10783 23247
-10015 19918
-9376 17742
-9120 15950
-8607 14287
-8224 12367
-7711 11215
-6944 10318
-6559 9935
-6176 10318
-6048 11343
-5663 12751
-5408 13390
-5024 13646
-4511 14543
-4384 16463
-4383 18126
-4000 18767
-3615 19407
-3104 20559
-3104 21582
-2975 21967
-2591 21454
-2463 20943
-2335 20686
-2207 20174
-2207 19406
-2208 18254
-1952 16462
-1696 14158
-1440 11343
-1312 8782
-1439 6862
-1439 5327
-1311 2766
-1425 -817
-1297 -3378
-1170 -5041
-1042 -6321
-1041 -8241
-1042 -9906
-913 -10033
-785 -10033
-785 -10034
-913 -10034
-913 -9778
-913 -9521
-785 -8754
-657 -7218
-657 -5425
-529 -3122
-658 -1458
-658 -433
-544 846
-415 3791
-288 6735
-287 8398
-415 9423
-544 10574
-416 12367
-287 13263
-32 13391
-31 13263
-287 13263
-287 13263
-288 13134
-160 12623
-287 11471
-543 9423
-288 6990
-159 4814
-416 3407
-287 1999
-273 -562
-401 -3634
-402 -5809
-274 -6834
-401 -8498
-145 -10034
-145 -11314
-145 -11826
-145 -12081
-18 -11954
-145 -12082
-145 -11826
-145 -11569
-273 -10801
-274 -9393
-274 -7346
-146 -4800
110 -2994
-145 -1842
-146 -434
-416 2382
-160 5455
-288 6991
-287 8142
-415 9934
-416 11599
-287 12495
-287 12750
-160 13135
-32 13134
-159 13007
-287 12751
-31 11982
-159 10702
-159 9166
-159 6607
-287 4302
-160 2895
-31 1742
-145 -305
-273 -3634
-401 -6194
-146 -7601
-273 -8754
-145 -10545
-273 -11825
-273 -12337
-273 -12338
-145 -12338
-145 -12337
-273 -12096
110 -11441
-17 -10801
-273 -9265
-18 -7345
-17 -5184
110 -3249
-273 -2097
-273 -562
-159 2255
-32 5184
96 6991
-31 8143
-32 9807
-32 11343
-31 12239
-32 12623
-31 12736
97 12736
96 12623
-32 12110
-159 11726
-159 10959
-32 9039
-31 6606
-160 4430
-160 2894
-160 1615
-18 -177
-18 -3505
-18 -6066
-146 -7345
-17 -8498
-145 -10546
-145 -11825
-18 -12480
111 -12849
-17 -12593
-17 -12593
-17 -12337
-18 -11954
-146 -11186
-145 -10034
-145 -8242
-146 -5554
-146 -3776
111 -2610
-145 -1074
-159 1472
97 4800
96 6735
-31 7631
-32 9295
-31 10945
224 12096
96 12622
-159 12750
-159 12480
97 12494
-159 12239
-32 11855
-287 10959
-32 9294
-159 7119
-287 4558
-160 2894
-159 1742
-146 -177
-18 -3506
-146 -6322
-145 -7473
-17 -8768
111 -10304
111 -11825
-18 -12722
-146 -12721
-17 -12608
111 -12337
-17 -12081
-17 -11825
-18 -11185
-17 -9792
110 -7858
-146 -5297
-274 -3249
-273 -2097
-18 -945
-31 1487
-32 4687
-31 6863
-288 7759
-32 9281
225 10688
97 11982
-160 12622
-160 12622
-160 12353
224 12352
353 11982
-160 11854
-160 11072
97 9422
-159 7119
-31 4815
-31 3278
-160 1870
-159 206
-145 -2865
-273 -5682
-146 -7089
-17 -8241
-18 -10162
-146 -11697
-273 -12594
-145 -12850
-145 -12594
-146 -12465
-17 -12337
-17 -12081
-18 -11442
-145 -10289
-17 -8512
110 -5810
-145 -3890
-146 -2738
-146 -1458
-159 1216
96 4430
-160 6735
-288 7758
-159 9166
-160 10831
-288 12111
-287 12750
-160 12879
-32 12623
-32 12623
-31 12494
-159 12238
-160 11343
-31 9679
-32 7503
-32 4687
-32 2895
-287 1487
-273 -49
-17 -2865
-273 -5937
-274 -7857
-18 -8881
-18 -10418
-145 -11840
110 -12736
110 -12978
-145 -12850
-145 -12593
-273 -12594
-146 -12209
-17 -11569
-273 -10289
-17 -8512
110 -6065
-274 -4017
-273 -2624
110 -1216
97 975
-32 4174
-159 6350
-160 7758
-159 8910
-160 10318
-160 11855
-287 12751
-288 12622
-415 12495
-288 12622
-160 12623
-32 12096
96 11087
-31 9664
97 7360
97 4815
-288 3151
-288 1870
-159 207
-18 -2994
-146 -5809
-273 -7217
-273 -8242
-145 -10033
-274 -11954
-145 -12850
-145 -12594
-146 -12466
-145 -12338
-146 -12465
-17 -12095
238 -11442
-145 -10546
-145 -9009
-17 -6449
-17 -4160
111 -2865
-17 -1586
-160 847
-31 3791
-288 5966
-160 7247
-32 8512
96 10048
97 11712
97 12239
-31 12495
-31 12495
-32 12623
-31 12495
-32 12111
-32 11343
-288 9807
-287 7630
-159 5326
-159 3279
-32 2126
-160 591
-18 -2226
-146 -5297
-17 -7218
-145 -8497
-273 -10034
-145 -11570
-145 -12338
-146 -12721
-18 -12721
-18 -12465
-17 -12337
-17 -12351
239 -11584
110 -10418
-145 -8754
-146 -6577
-18 -4530
-145 -3122
-146 -1472
96 576
97 3520
97 6094
-160 7246
-160 8527
-31 10190
-160 11854
-159 12495
-31 12494
-159 12750
-159 12494
-159 12224
97 11982
-160 11343
-32 9807
-31 7630
-160 5199
-31 3279
-31 1998
-160 334
-145 -2354
-145 -5425
-17 -7474
-146 -8370
-146 -9905
-18 -11697
-17 -12849
-273 -12849
-18 -12736
111 -12593
-17 -12593
-17 -12593
-17 -12096
110 -11185
-18 -9393
-17 -6976
110 -4529
-17 -3122
-145 -2097
-17 -50
-159 3022
-159 5838
-160 7246
-159 8655
-288 10062
-159 11471
-32 12367
-31 12494
-159 12239
-31 12225
225 12225
224 11855
-31 11215
-31 9935
-32 7744
97 5312
96 3406
-160 2126
-159 719
-18 -1714
-146 -5042
-146 -7345
-18 -8626
-146 -9906
-146 -11712
111 -12850
-145 -13105
-17 -12864
110 -12722
-146 -12721
-17 -12337
-17 -12096
110 -11199
239 -9265
-18 -6577
-17 -4401
-17 -2865
-18 -1728
96 79
-32 3151
-287 5839
-31 7105
225 8143
-32 9807
-287 11214
-159 12239
-32 12352
97 12239
-31 12495
-31 12238
-160 11855
-288 11342
-160 9807
-32 8001
224 5440
96 3392
96 2127
-32 590
-146 -1714
-146 -5056
111 -6961
-17 -8242
-146 -9920
111 -11327
238 -12736
111 -12864
111 -12849
-17 -12850
-145 -12593
-273 -12338
-145 -12082
-146 -10929
-18 -9649
-18 -7345
-17 -4913
-17 -3377
-18 -2225
-17 -576
96 2624
97 5312
96 6735
-32 8015
-31 9920
97 11201
224 12111
-31 12495
-31 12480
97 12239
-31 12238
-159 11727
-287 10959
-32 10048
97 8143
-32 5455
-31 3520
96 2126
-160 846
-145 -1600
110 -4800
111 -6961
-17 -8241
-18 -9649
-273 -11313
-18 -12465
-17 -12849
-18 -12977
-17 -12864
110 -12722
-146 -12722
-145 -12082
-146 -11185
-18 -9920
110 -7616
111 -5184
111 -3121
-18 -1713
-17 -320
96 2624
97 5583
-31 7118
-160 8015
-288 9807
-32 11343
-32 11854
-159 12239
-31 12480
96 12623
-31 12495
-287 12239
-288 11598
-159 10703
-287 8655
-31 6081
224 3663
-287 2254
-160 1103
-17 -1074
-145 -4401
-17 -6705
-18 -8128
111 -9536
111 -11314
-146 -12209
-18 -12736
111 -12864
111 -12864
110 -12466
-145 -12337
-274 -11953
-17 -11057
-17 -9778
-146 -7601
-17 -5170
-145 -3633
-18 -2495
239 -817
-32 2112
96 5199
-32 6735
-31 7631
-32 9295
-32 10830
-159 11982
-159 12238
-159 12224
96 12367
-32 12352
97 12239
-31 11727
-32 10318
-160 8527
-288 6223
-31 3791
-32 2383
-31 1230
-146 -946
-146 -4529
-18 -6833
-17 -8241
-17 -9521
-273 -11057
-18 -12480
111 -13120
110 -12992
111 -12849
-17 -12849
-17 -12594
-146 -12209
-273 -11570
-145 -10033
-18 -7858
-146 -5297
-17 -3392
111 -2353
-17 -817
-31 1743
-32 5199
-32 6990
-160 8014
-160 9551
-32 11086
-159 11983
-287 12239
-31 12239
-31 12495
-31 12480
97 12239
-31 11712
97 10433
224 8513
225 6094
-160 3919
-31 2255
-31 1231
-18 -689
-17 -4145
-18 -6577
-17 -7744
111 -9266
-146 -11200
110 -12466
-146 -12977
-273 -12864
110 -12721
-18 -12721
-18 -12465
-18 -12209
-18 -11697
-17 -10034
-145 -7985
-274 -5554
-145 -3648
111 -2624
367 -1074
-159 1742
-160 4686
-159 6351
-287 7630
-160 9039
-32 10831
-31 11983
-32 12352
96 12623
-31 12224
97 12224
97 12224
96 11599
-31 10703
-32 9039
-288 6479
-32 4175
-32 2639
-32 1614
-146 -433
-274 -3762
-145 -6464
110 -7857
-18 -9138
-146 -10673
-18 -12209
-17 -12849
-18 -12977
-18 -12721
-18 -12721
-18 -12209
-18 -12209
-17 -11584
111 -10033
-17 -8241
-18 -5810
-146 -3761
-17 -2610
-145 -1073
-32 1359
-31 4288
96 6735
-31 7630
-160 9294
-159 11214
-160 12110
-159 12750
-160 12623
-288 12622
-159 12480
96 12352
96 11855
-32 11087
-32 9295
-31 6863
-31 4559
-31 2766
-159 1486
-146 -434
-146 -3505
-17 -6194
-145 -7730
-146 -8896
110 -10673
-18 -11953
-273 -12864
110 -12736
110 -12466
-145 -12337
-273 -12337
-273 -12082
-146 -11712
110 -10432
110 -8369
-18 -6066
-146 -4017
-273 -2610
-146 -1201
-32 1088
97 4288
96 6464
96 7759
-31 9166
-159 10702
-160 11855
-31 12494
-159 12480
97 12495
-31 12480
96 12352
97 11982
-159 10944
97 9152
97 6862
-160 4431
-31 2767
-32 1615
-17 -49
-17 -3121
-17 -5937
-18 -7602
-145 -8754
-145 -10545
-17 -12081
-18 -12977
-274 -12977
-17 -12849
-17 -12850
-146 -12465
-17 -12081
-17 -11825
-18 -10673
-18 -8625
-273 -5938
-146 -3761
-17 -2354
-146 -1202
-159 974
-159 4302
-159 6592
96 7744
97 9152
97 10958
-159 12238
-159 12494
-159 12494
-160 12622
-160 12366
-159 12495
-32 11854
-159 10958
-160 9295
-32 6991
-32 4672
97 3008
96 1909
