110 -946
-145 -818
-146 -689
-18 -689
-17 -818
-146 -689
-18 -689
-18 -946
-146 -946
-146 -433
-32 78
-159 207
-32 334
-160 78
-160 78
-145 -50
-160 64
96 321
224 577
225 704
97 974
-160 847
-31 974
-160 1102
-159 960
97 975
-31 975
-32 577
225 448
97 448
97 462
-160 79
-32 64
111 -64
111 -320
110 -433
-17 -817
-17 -1088
110 -945
-18 -945
-273 -1344
111 -1586
-145 -1841
-274 -1201
-274 -1201
-17 -1343
238 -1216
110 -959
238 -945
-18 -704
110 -448
111 -306
-145 -305
-274 -178
-160 79
-273 -49
-31 462
-160 847
-32 577
224 591
-31 719
-31 975
-32 847
-31 704
97 719
-32 846
-160 590
-159 462
-160 78
-145 -64
111 -320
110 -177
-17 -306
-145 -306
-145 -561
-17 -1087
239 -1343
239 -1330
-146 -1714
-145 -1841
-17 -2097
-17 -2097
-18 -1984
111 -1856
111 -1856
110 -1713
-18 -1472
110 -945
-17 -561
-17 -305
-274 -177
-32 79
-17 -50
-160 79
-287 206
-159 462
-159 719
-32 591
-32 335
-32 591
-32 1103
-32 1345
225 975
-32 832
96 832
96 847
-32 591
-32 335
-32 334
-159 207
-17 -64
110 -448
110 -448
110 -434
-146 -690
-145 -817
-18 -945
-18 -1216
111 -1087
239 -817
-18 -1201
-17 -1329
-18 -1202
-145 -818
-145 -817
-18 -689
-18 -689
-17 -562
-146 -434
-146 -177
-32 64
110 -177
-32 79
-31 448
96 576
97 704
97 705
225 719
-32 846
-159 960
97 1216
97 960
96 847
-32 832
97 719
-287 463
-32 320
96 64
96 65
224 64
96 79
-17 -49
-18 -192
110 -447
238 -960
111 -1330
-402 -1201
-274 -945
-17 -1073
-17 -1073
-17 -818
-145 -818
-145 -818
-145 -576
111 -561
-18 -433
-18 -177
-18 -192
111 -306
-145 -64
96 64
97 207
-32 334
-160 590
-160 832
96 591
-32 591
-31 704
96 847
-31 719
-31 704
97 719
-32 847
-32 591
-31 449
225 448
96 79
-18 -192
111 -305
-17 -320
111 -576
110 -704
111 -831
239 -1087
239 -1343
239 -1343
238 -1471
238 -1728
110 -1727
238 -1728
111 -1330
-145 -1329
-17 -1329
-17 -1073
-17 -818
-146 -703
239 -575
238 -433
-17 -320
110 -178
-146 -192
96 79
-32 320
96 577
225 448
96 334
-160 576
97 974
-160 1103
-288 847
-288 591
-31 449
225 462
-160 334
-160 335
-288 335
-31 206
-145 -50
-145 -320
110 -448
111 -817
-17 -561
-18 -945
-17 -1087
238 -1472
111 -1600
111 -1599
238 -1727
239 -1856
110 -1471
238 -1202
-146 -1201
-18 -960
111 -831
238 -704
110 -704
111 -576
111 -562
-145 -49
-32 64
111 -49
-32 335
-31 718
-160 847
-32 847
-288 847
-287 975
-32 1103
-31 1230
-160 846
-159 463
-288 576
97 448
96 335
-17 -49
-273 -50
-146 -177
-17 -64
110 -192
111 -576
111 -575
238 -704
111 -1329
-17 -1330
-145 -1074
-145 -1074
-146 -1201
-273 -1329
-18 -1201
-18 -1201
-17 -1088
111 -832
110 -704
111 -561
-17 -320
111 -64
96 64
96 79
-17 -49
-287 206
-159 463
-31 463
-32 591
-287 718
-159 975
-32 1088
96 1103
-32 1103
-31 975
-31 718
-159 975
-287 975
-288 847
-288 591
-288 320
97 462
-159 207
-17 -50
-145 -562
-146 -689
-17 -832
111 -1088
111 -1073
-18 -1202
-145 -1329
-17 -1344
111 -1344
110 -1472
110 -1216
110 -945
-17 -817
-17 -561
-18 -448
111 -306
-145 -306
-145 -63
225 193
224 79
-31 207
-31 448
97 704
97 705
224 591
-31 718
-159 975
-32 1088
96 832
97 704
97 704
96 847
-31 719
-31 719
-32 577
224 335
-31 206
-146 -177
-273 -319
239 -319
238 -447
239 -817
-18 -945
-274 -945
-18 -945
-17 -1088
110 -1471
238 -1728
111 -1586
-145 -1344
110 -1216
110 -946
-146 -689
-273 -561
-274 -434
-146 -178
-145 -320
111 -320
111 -64
96 321
224 334
-159 462
-159 719
-32 847
-31 448
97 463
-31 718
-160 847
-32 591
-31 718
-160 591
-32 576
97 463
-32 335
-31 207
-17 -64
110 -448
111 -306
-146 -434
-146 -946
-145 -818
-146 -946
-146 -945
-18 -945
-18 -960
110 -1216
111 -1329
-17 -1073
-17 -1073
-18 -945
-17 -817
-17 -817
-18 -689
-17 -305
-18 -433
-17 -320
110 -177
-17 -64
111 -49
-31 206
-159 719
-32 832
97 718
-159 719
-32 576
96 577
224 833
225 705
225 704
96 576
96 591
-32 591
-32 335
-31 463
-32 78
-160 64
111 -50
-145 -305
-17 -576
111 -831
238 -960
366 -960
111 -1074
-145 -818
-146 -1202
-146 -1201
-18 -1216
110 -1201
-18 -946
-146 -946
-146 -689
-18 -690
-146 -177
-17 -320
111 -319
224 65
224 334
-160 78
-160 78
-160 591
-288 846
-160 847
-31 704
96 846
-159 974
-160 847
-31 719
-31 719
-287 719
-288 591
-32 320
97 207
-32 79
-17 -305
-17 -305
-18 -192
111 -306
-146 -433
-17 -576
111 -817
-18 -945
-18 -960
111 -1088
111 -1344
110 -1472
110 -1202
-145 -1073
-18 -945
-273 -1074
-146 -690
-146 -434
-146 -433
-17 -306
-146 -177
-18 -178
-159 207
-31 192
97 206
-159 462
-159 975
-31 960
97 719
-31 719
-31 974
-159 960
97 705
224 577
225 974
-159 974
-160 591
-31 448
96 334
-160 78
-146 -177
-17 -305
-17 -561
-18 -434
-145 -817
-274 -946
-145 -1073
-17 -817
-17 -1088
110 -1201
-18 -1458
-146 -1458
-145 -1073
-17 -1074
-145 -817
-274 -689
-273 -561
-274 -434
-145 -305
-274 -177
-18 -177
-17 -49
-32 78
-159 207
-288 590
-159 718
-159 718
-160 832
96 1103
-31 1230
-160 1102
-159 719
-32 591
-31 718
-159 705
225 449
225 463
-288 335
-31 207
-17 -49
-17 -306
-146 -434
-146 -690
-145 -818
-145 -1073
-18 -1215
238 -1216
111 -1088
110 -1216
110 -1201
-17 -1074
-146 -945
-18 -704
110 -960
110 -1201
-18 -946
-145 -817
-17 -576
111 -320
110 -192
111 -306
-145 -49
-288 335
-287 718
-159 718
-160 590
-159 718
-159 975
-31 718
-160 847
-287 960
96 832
96 832
97 448
97 206
-159 207
-274 -177
-17 -49
-273 -50
-145 -320
111 -575
239 -576
367 -831
239 -818
-145 -1073
-17 -1073
-18 -960
111 -1088
110 -1215
238 -1472
110 -1472
110 -1472
110 -1202
-146 -704
111 -576
111 -320
111 -320
111 -320
111 -320
111 -49
-32 78
-160 320
97 463
-32 334
-160 335
-31 462
-159 975
-32 1103
-32 1103
-31 960
96 832
96 846
-159 718
-159 449
225 207
-32 79
-18 -177
-17 -50
-145 -49
-18 -192
110 -433
-18 -689
-273 -1074
-145 -1329
-18 -1457
-17 -1329
-17 -1329
-18 -1727
238 -1457
-17 -1344
110 -1201
-18 -1201
-17 -1073
-17 -561
-18 -434
-146 -433
-274 -433
-18 -192
111 -64
96 64
97 207
-32 577
225 704
353 704
96 576
97 719
-32 847
-32 847
-31 704
97 704
96 576
97 718
-159 719
-32 334
-160 78
-145 -50
-145 -50
-145 -50
-145 -306
-146 -448
110 -689
-18 -945
-273 -1344
110 -1457
-17 -1330
-145 -1329
-18 -1457
-17 -1585
-17 -1600
111 -1329
-17 -1074
-145 -1073
-18 -703
239 -576
110 -434
-145 -575
238 -191
224 79
-17 -49
-32 78
-160 590
-159 719
-31 718
-159 718
-160 847
-31 704
97 704
97 719
-32 590
-160 591
-31 719
-31 718
-159 448
96 65
239 -49
-17 -49
-17 -320
110 -192
110 -689
-17 -817
-17 -1074
-146 -1458
-145 -1344
111 -1073
-17 -1073
-17 -1344
110 -1201
-18 -1202
-145 -1073
-18 -1201
-18 -945
-17 -575
239 -561
-18 -689
-17 -561
-18 -434
-146 -192
111 -50
-160 79
-32 65
225 193
224 320
96 320
96 79
-32 335
-31 705
224 576
352 576
352 321
224 577
225 207
-17 -64
111 -320
366 -447
238 -704
111 -832
367 -1087
239 -1343
239 -1600
366 -1984
367 -2111
239 -2111
239 -2112
367 -2624
366 -3263
750 -3263
751 -3136
622 -3264
622 -3263
750 -3263
751 -3391
1006 -3264
1134 -3263
1262 -3519
1263 -3904
1391 -4159
1519 -4415
1519 -4415
1519 -4416
2158 -4800
2414 -5056
2158 -5567
2286 -5823
2543 -6208
2670 -6592
2670 -7359
3054 -8128
3439 -8767
3823 -9536
3951 -10303
4078 -11200
4462 -12479
4846 -13503
5102 -14784
5486 -15807
5870 -17087
6127 -18495
6639 -19776
7022 -21440
7534 -22975
8174 -24511
8943 -26176
9582 -27839
9967 -29759
10735 -31808
11372 -33471
12013 -35647
12781 -37696
13676 -40127
14572 -42176
15469 -44608
16493 -47423
17645 -50239
18669 -53312
19820 -56512
20845 -59711
21997 -63295
23790 -67007
25071 -71231
26095 -75328
28014 -79808
29807 -84799
31470 -89533
33262 -94654
35180 -100285
37101 -106302
39276 -112574
41837 -118845
44013 -125502
46446 -132797
48879 -140605
51695 -148542
54639 -156734
57452 -165565
60397 -174654
63852 -184256
67181 -194367
70894 -204736
74351 -215616
78191 -226880
82285 -238400
86636 -250815
90863 -263488
95343 -276541
100078 -290237
104941 -304190
110188 -319166
115310 -334525
121070 -350397
126701 -366911
132589 -383808
138606 -401600
145263 -419903
152045 -439360
158831 -459325
165871 -479805
173292 -501181
180717 -523070
188782 -545984
196972 -569535
205294 -594111
214254 -619455
223212 -645565
232430 -672702
241772 -700605
251630 -729278
261741 -758847
272366 -789440
282988 -820927
294127 -853053
305389 -886334
317039 -920639
328941 -955967
341231 -991808
353645 -1028669
366575 -1066557
379884 -1105341
393198 -1145280
406894 -1185471
421100 -1226942
435311 -1269309
450030 -1312703
465132 -1356735
480495 -1401661
495855 -1447486
511852 -1494207
528108 -1541568
544367 -1589821
561135 -1638718
578156 -1688767
595436 -1739199
612847 -1790269
630767 -1842493
648429 -1895488
666733 -1948991
685292 -2003134
703598 -2057919
722159 -2113344
741230 -2169278
760428 -2225853
779500 -2282432
798828 -2339775
818157 -2397758
837742 -2455999
857582 -2514368
877166 -2572477
896495 -2631485
916462 -2690496
936301 -2749502
956013 -2808381
975596 -2867392
995181 -2926143
1014764 -2984381
1034223 -3042623
1053679 -3100479
1072367 -3158077
1091311 -3215165
1109997 -3271487
1128429 -3327040
1146732 -3381950
1164654 -3435967
1182191 -3489087
1199343 -3541309
1215980 -3592382
1232492 -3642303
1248750 -3690944
1264238 -3738302
1279340 -3784125
1294063 -3828285
1307886 -3871168
1321068 -3912384
1333870 -3951806
1345901 -3989309
1357294 -4025021
1368301 -4058432
1378414 -4090303
1388013 -4119871
1396462 -4147136
1404012 -4171966
1410924 -4194238
1417070 -4214462
1422188 -4231614
1426540 -4246717
1429996 -4258750
1431919 -4268094
1433455 -4274750
1433967 -4278334
1433455 -4279357
1431791 -4277310
1429102 -4271806
1425519 -4262974
1420652 -4251326
1414508 -4236479
1407726 -4218303
1399791 -4196928
1390444 -4171711
1379822 -4143293
1368301 -4111422
1355630 -4075968
1341805 -4037695
1326828 -3995837
1310446 -3950014
1293165 -3900991
1275117 -3848512
1255276 -3792574
1234796 -3733181
1212911 -3670591
1189868 -3604413
1165805 -3535167
1140717 -3462463
1114605 -3386685
1087214 -3307967
1059054 -3226045
1029869 -3140671
999661 -3052349
968431 -2961215
936172 -2867389
903151 -2770751
869100 -2671550
834414 -2569408
798828 -2464702
761964 -2357695
724718 -2248127
686828 -2136510
648045 -2022464
608623 -1906494
568430 -1788608
527982 -1668800
486508 -1546942
444780 -1423552
402540 -1298880
359788 -1172157
316652 -1044671
273388 -915901
229613 -785725
185581 -654399
141036 -522176
96108 -389309
51181 -255551
6381 -120883
-38688 13902
-83615 148941
-128287 283597
-172575 416718
-216479 548813
-259871 679373
-303136 806222
-346015 932556
-388512 1059661
-430111 1185742
-471454 1310284
-512670 1433423
-552733 1554639
-592414 1674573
-631584 1792335
-669984 1908045
-707613 2021582
-744861 2133196
-781215 2243278
-816542 2351437
-851231 2457292
-885151 2560207
-918301 2661068
-950432 2760269
-981789 2856399
-1012000 2949708
-1041312 3040079
-1069598 3127373
-1096992 3211599
-1123359 3292877
-1148704 3370572
-1172894 3445326
-1196189 3516620
-1218206 3584845
-1239069 3649742
-1258910 3711823
-1277725 3770060
-1295263 3825102
-1311903 3876815
-1327389 3925455
-1341470 3970636
-1354656 4012365
-1366558 4050767
-1377567 4086222
-1387421 4118223
-1396000 4146255
-1403678 4171085
-1410077 4193484
-1415583 4212429
-1419806 4227661
-1423134 4239948
-1425310 4249164
-1426589 4255180
-1426589 4258252
-1425821 4258252
-1424029 4255180
-1421470 4249165
-1417502 4240460
-1413021 4228815
-1407775 4214734
-1401248 4197454
-1394077 4177870
-1386143 4155855
-1377312 4131405
-1367837 4104396
-1357471 4075468
-1346462 4044110
-1334688 4010574
-1322398 3975501
-1309727 3938509
-1296159 3899340
-1281950 3858510
-1267360 3816014
-1252253 3772108
-1236637 3726796
-1220767 3680206
-1204384 3631951
-1187358 3582797
-1170206 3532620
-1152416 3481423
-1134624 3429198
-1116574 3375949
-1098269 3322063
-1079582 3267407
-1060896 3212109
-1042208 3156557
-1023007 3100111
-1003807 3043535
-984605 2986188
-965277 2928847
-945437 2871502
-925854 2813773
-906272 2755404
-886688 2697295
-867104 2639180
-847775 2580940
-828576 2522702
-809373 2464462
-789917 2406349
-770846 2348878
-751773 2291406
-732832 2234701
-714015 2178252
-695455 2121679
-677150 2065998
-659102 2010956
-641181 1956812
-623264 1902927
-605728 1849932
-588447 1797581
-571422 1745742
-554653 1694926
-538271 1644749
-522016 1595469
-505885 1547214
-490398 1499727
-474911 1452751
-459552 1407053
-444958 1361997
-430367 1318095
-415776 1273679
-402205 1231821
-388640 1191756
-375454 1152076
-362398 1113166
-349855 1074383
-337182 1036877
-325152 1000524
-313502 964685
-301855 929742
-290718 895822
-279967 862926
-269214 830797
-258848 799309
-249118 768845
-239648 739405
-229917 710607
-220703 682446
-211870 655183
-203293 628940
-194975 603341
-187166 578637
-179231 554444
-171679 531149
-164381 508878
-157343 487118
-150687 466127
-144157 445902
-137885 426447
-131871 407501
-125725 389324
-120221 371917
-114975 354765
-109599 338892
-104350 323405
-99613 308174
-95135 293838
-90528 280143
-86047 266959
-82205 254415
-78109 242382
-74398 230735
-70944 219727
-67360 209229
-63775 199117
-60701 189389
-57630 180045
-54814 171084
-51872 162893
-49183 154573
-46624 146764
-44192 139341
-42016 132173
-39710 125517
-37661 119244
-35485 112845
-33565 106702
-31901 101071
-30239 95695
-28703 90574
-27039 85711
-25632 80975
-24096 76366
-22688 72015
-21535 68046
-20382 64078
-19358 60238
-18077 56783
-17182 53326
-16285 50127
-15134 47182
-14238 44367
-13597 41679
-12830 38734
-11934 35919
-11293 34254
-10656 32591
-9760 30542
-9376 28751
-8735 26831
-8224 25678
-7839 24270
-7327 22991
-6944 21839
-6431 20686
-6047 19406
-5791 18126
-5536 17230
-5023 16334
-4767 15567
-4128 14927
-3871 14030
-3743 13263
-3616 12622
-3488 11855
-3104 11086
-2720 10575
-2847 9934
-2719 9166
-2719 8398
-2208 7759
-2079 7118
-1951 6607
-1824 6222
-1695 5582
-1695 5070
-1440 4430
-1439 4046
-1439 3535
-1311 3535
-1056 3151
-1056 2895
-1055 2511
-1056 1870
-927 1743
-799 1743
-800 1359
-800 1358
-672 1359
-544 1614
-672 1615
-544 1615
-543 1742
-416 1871
-544 1615
-544 1615
-543 1743
-544 1870
-415 2254
-416 1870
-159 1743
-287 1999
-287 2255
-288 2127
-288 2127
-288 2126
-415 1742
-415 1743
-288 1615
-288 1359
-543 1230
-416 1103
-288 847
-288 334
-159 206
-160 79
-273 -305
-274 -433
-529 -305
-274 -433
-18 -433
-18 -433
-529 -562
-401 -817
-274 -690
-401 -818
-402 -690
-146 -690
-145 -305
-273 -50
-145 -50
-159 207
-288 334
-160 590
-415 463
-288 590
-160 846
-160 1103
-32 1359
-31 1230
-160 847
-287 1231
-287 1231
-32 1359
-32 1102
-160 846
-159 974
-159 719
-32 320
96 320
97 207
-32 335
-32 335
-17 -63
238 -433
-18 -433
-17 -562
-145 -817
-273 -818
-145 -817
-18 -946
-145 -1074
-146 -960
110 -448
110 -434
-145 -576
110 -689
-273 -561
-18 -177
-273 -49
-273 -50
-160 78
-159 207
-32 576
97 463
-31 463
-31 719
-31 719
-31 975
-32 1103
-287 1231
-287 1472
96 1344
97 1231
-287 1230
-160 1359
-31 975
-31 462
-159 206
-159 206
-159 207
-32 78
-160 79
-274 -433
-274 -689
-18 -946
-146 -1202
-145 -1074
-145 -1073
-18 -1202
-145 -1329
-18 -1216
111 -817
-17 -832
110 -946
-146 -690
-145 -561
-17 -561
-18 -434
-145 -561
-18 -433
-31 206
-160 590
-416 335
-287 719
-32 1103
-32 847
-31 974
-160 1103
-32 1103
-32 1102
-159 975
-31 975
-31 719
-32 847
-31 718
-159 463
-31 463
-287 207
-288 79
-273 -49
-17 -64
111 -320
111 -561
-18 -704
110 -704
110 -945
-273 -1074
-146 -945
-273 -818
-145 -1073
-273 -1073
-274 -945
-273 -1074
-145 -1073
-17 -818
-145 -561
-273 -562
-145 -306
-146 -177
-32 78
-160 78
-160 79
-288 334
-416 591
-287 719
-287 719
-288 590
-159 974
-160 1103
-32 1102
-159 974
-160 847
-31 719
-288 591
-32 590
-160 334
-159 206
-160 334
-160 64
111 -305
-18 -434
-145 -561
-18 -689
-17 -1073
-18 -1201
-17 -1073
-17 -1073
-18 -1202
-146 -1201
-17 -1344
111 -1344
111 -1330
-145 -1074
-145 -818
-146 -433
-18 -433
-18 -447
238 -192
111 -50
-159 207
-32 335
-31 704
96 847
-31 960
96 832
96 832
96 832
96 1088
96 832
97 719
-32 846
-160 832
96 833
224 576
97 207
-31 206
-145 -49
-32 79
-17 -49
-17 -305
-18 -434
-145 -561
-274 -690
-145 -818
-145 -817
-274 -946
-146 -1201
-18 -1458
-146 -1201
-18 -945
-17 -817
-18 -946
-145 -561
-17 -305
-17 -305
-17 -305
-17 -305
-18 -192
96 64
97 207
-31 207
-32 591
-32 847
-31 719
-32 591
-32 846
-160 1103
-287 974
-159 975
-32 832
97 975
-31 719
-288 590
-160 576
96 335
-31 206
-145 -50
-145 -305
-17 -305
-17 -320
110 -689
-18 -704
111 -817
-18 -946
-146 -946
-146 -945
-18 -1201
-18 -1202
-146 -946
-146 -946
-145 -817
-17 -832
111 -576
110 -433
-17 -320
110 -177
-32 78
-160 79
-32 335
-31 463
-32 591
-32 846
-160 846
-159 960
96 1088
96 847
-31 975
-32 847
-31 975
-32 846
-159 718
-160 590
-160 591
-31 449
225 463
-273 -50
-146 -192
110 -433
-17 -818
-145 -1073
-18 -1201
-18 -946
-145 -1073
-17 -1088
110 -1216
110 -1472
110 -1458
-145 -1074
-145 -1073
-17 -832
111 -817
-17 -576
111 -306
-145 -305
-274 -178
-146 -178
-160 79
-31 193
224 321
225 463
-32 846
-415 718
-159 719
-31 960
96 1103
-31 960
97 975
-31 718
-159 719
-32 591
-32 335
-31 207
-32 78
-145 -49
-273 -306
-401 -305
-17 -64
111 -561
-17 -562
-146 -945
-273 -1073
-17 -1073
-17 -817
-18 -1201
-274 -1201
-17 -1344
367 -1344
367 -1343
239 -1087
238 -703
239 -576
111 -575
238 -447
238 -192
111 -305
-18 -178
-160 335
-32 335
-31 462
-159 705
225 704
96 832
97 704
96 591
-31 704
97 704
97 719
-32 847
-31 719
-32 591
-288 334
-160 320
97 192
96 79
-17 -320
110 -689
-17 -817
-17 -561
-17 -1073
-18 -946
-145 -1073
-18 -1202
-145 -1329
-18 -1201
-18 -1216
110 -1216
110 -1216
110 -959
238 -1216
111 -817
-273 -561
-274 -434
-146 -448
110 -448
110 -191
239 -64
96 79
-32 576
97 704
97 704
96 576
96 847
-32 1088
96 1088
97 1231
-31 975
-31 719
-32 846
-159 718
-160 78
-160 78
-160 335
-31 207
-17 -320
111 -576
110 -703
239 -817
-18 -945
-17 -1073
-17 -1074
-145 -1088
110 -1201
-18 -1201
-17 -1329
-18 -1201
-17 -1088
110 -945
-17 -817
-17 -576
110 -704
110 -704
111 -319
239 -49
-17 -50
-145 -50
-159 206
-159 462
-159 704
96 846
-160 832
96 847
-32 1103
-32 1103
-32 846
-159 704
97 961
224 847
-31 719
-31 462
-160 335
-17 -50
-145 -50
-145 -50
-146 -178
-146 -448
111 -561
-17 -817
-17 -1088
110 -1201
-18 -1201
-18 -1216
366 -1216
110 -945
-18 -946
-145 -1073
-18 -960
111 -817
-17 -562
-146 -178
-160 64
110 -192
96 79
-32 64
97 192
97 207
-32 591
-31 719
-32 591
-32 577
224 832
353 961
224 847
-31 718
-159 719
-31 704
97 719
-31 462
-160 335
-32 65
238 -192
110 -192
111 -320
111 -561
-18 -689
-18 -945
-17 -1088
110 -1201
-17 -1073
-17 -1074
-146 -1202
-146 -1215
238 -1216
111 -1087
239 -1074
-145 -1073
-17 -1073
-18 -945
-17 -576
110 -192
111 -305
-274 -177
-32 64
97 207
-31 207
-31 448
97 719
-32 591
-31 704
96 847
-31 718
-159 719
-31 704
97 719
-32 846
-160 846
-160 847
-32 591
-31 192
96 335
-32 79
-274 -178
-145 -49
-18 -448
111 -562
-145 -818
-401 -1074
-401 -1074
-145 -1073
-17 -1087
239 -1329
-18 -945
-274 -689
-18 -689
-17 -831
239 -818
-145 -818
-145 -817
-17 -306
-146 -177
-18 -177
-32 79
-32 64
96 79
-32 335
-31 719
-32 576
96 577
224 833
225 961
225 1231
-31 974
-159 704
97 719
-32 847
-32 847
-31 719
-32 334
-160 79
-17 -63
239 -319
238 -447
238 -448
110 -689
-18 -945
-17 -1073
-18 -1216
110 -1216
110 -1201
-17 -1329
-18 -1472
111 -1074
-145 -1088
110 -1215
238 -1215
238 -945
-18 -690
-146 -433
-17 -320
110 -448
110 -191
225 193
225 192
97 207
-31 463
-31 719
-31 719
-31 719
-32 846
-159 975
-31 961
224 847
-32 846
-160 847
-32 576
96 321
225 192
96 78
-146 -433
-17 -305
-274 -434
-146 -433
-18 -690
-146 -960
111 -1088
111 -1088
110 -1202
-146 -1201
-274 -1457
-17 -1344
110 -946
-401 -1073
-274 -1201
-17 -1088
111 -832
111 -561
-18 -433
-274 -178
-146 -177
-17 -63
239 -49
-31 207
-32 576
97 719
-31 719
-32 577
224 591
-31 718
-159 961
224 1103
-31 974
-160 590
-159 718
-159 705
225 463
-31 207
-288 590
-159 462
-145 -50
-145 -305
-18 -433
-18 -448
110 -945
-17 -818
-146 -945
-17 -818
-146 -960
111 -1088
111 -1329
-18 -945
-17 -1073
-18 -945
-18 -690
-146 -689
-17 -561
-17 -320
110 -448
111 -320
111 -49
-17 -50
-159 192
96 320
97 704
96 833
224 577
224 591
-32 846
-159 975
-31 975
-31 975
-32 846
-160 847
-31 704
96 335
-31 192
97 193
239 -64
111 -306
-146 -434
-145 -561
-18 -689
-18 -1201
-17 -1087
238 -1201
-18 -1202
-145 -1329
-18 -1457
-17 -1330
-146 -1201
-18 -960
366 -945
-17 -1073
-18 -945
-18 -690
-146 -433
-17 -305
-17 -64
96 79
-31 206
-160 334
-160 590
-160 847
-32 846
-160 847
-32 847
-32 1102
-159 1231
-32 1103
-31 704
97 719
-31 718
-159 718
-159 705
224 321
225 207
-18 -192
111 -64
96 79
-17 -305
-17 -576
110 -960
110 -938
